25
0 4
4 2
6 4
10 2
12 3
15 3
18 5
23 6
29 2
31 3
34 3
37 3
40 4
44 2
46 3
49 5
54 2
56 4
60 3
63 3
66 2
68 3
71 5
76 3
79 3 

0

82
1 1
2 1
3 2
4 4
0 1
5 5
0 1
5 3
6 5
7 4
0 2
7 8
0 4
7 10
8 11
1 5
2 3
9 8
2 5
7 2
9 3
10 7
11 4
2 4
3 8
4 10
6 2
11 3
12 12
4 11
12 1
5 8
6 3
13 6
6 7
14 5
15 9
6 4
7 3
15 12
7 12
8 1
15 4
16 4
9 6
17 4
10 5
17 5
18 8
10 9
11 12
12 4
18 7
19 3
12 4
20 8
13 4
14 5
21 3
22 2
14 8
15 7
22 1
15 3
22 9
23 11
16 8
23 10
17 3
22 2
24 3
17 2
18 1
19 9
21 2
24 4
19 11
20 10
24 5
21 3
22 4
23 5

