30
0 29
29 29
58 29
87 29
116 29
145 29
174 29
203 29
232 29
261 29
290 29
319 29
348 29
377 29
406 29
435 29
464 29
493 29
522 29
551 29
580 29
609 29
638 29
667 29
696 29
725 29
754 29
783 29
812 29
841 29
0
870
1 81
2 70
3 2
4 56
5 72
6 67
7 77
8 24
9 73
10 38
11 51
12 95
13 38
14 48
15 79
16 40
17 45
18 29
19 82
20 12
21 91
22 7
23 44
24 63
25 100
26 64
27 97
28 21
29 58
0 81
2 17
3 12
4 38
5 86
6 13
7 45
8 57
9 31
10 21
11 33
12 3
13 11
14 83
15 50
16 100
17 31
18 28
19 39
20 27
21 8
22 21
23 39
24 50
25 79
26 34
27 65
28 30
29 98
0 70
1 17
3 61
4 51
5 7
6 78
7 62
8 96
9 15
10 26
11 40
12 72
13 9
14 13
15 56
16 63
17 23
18 38
19 12
20 74
21 20
22 92
23 12
24 99
25 51
26 84
27 89
28 1
29 14
0 2
1 12
2 61
4 22
5 65
6 44
7 19
8 77
9 46
10 77
11 54
12 59
13 72
14 69
15 84
16 12
17 92
18 44
19 76
20 47
21 7
22 50
23 36
24 18
25 23
26 8
27 61
28 34
29 6
0 56
1 38
2 51
3 22
5 12
6 70
7 46
8 64
9 83
10 67
11 80
12 78
13 38
14 56
15 23
16 14
17 62
18 81
19 86
20 82
21 17
22 49
23 25
24 60
25 24
26 23
27 66
28 73
29 58
0 72
1 86
2 7
3 65
4 12
6 36
7 95
8 17
9 48
10 80
11 74
12 11
13 1
14 19
15 26
16 84
17 86
18 5
19 61
20 23
21 13
22 36
23 36
24 26
25 16
26 73
27 7
28 32
29 21
0 67
1 13
2 78
3 44
4 70
5 36
7 83
8 44
9 44
10 5
11 9
12 68
13 14
14 96
15 14
16 31
17 44
18 94
19 4
20 6
21 94
22 23
23 32
24 29
25 60
26 36
27 42
28 82
29 100
0 77
1 45
2 62
3 19
4 46
5 95
6 83
8 77
9 69
10 25
11 44
12 42
13 83
14 28
15 14
16 17
17 71
18 58
19 21
20 31
21 77
22 35
23 27
24 91
25 17
26 22
27 84
28 72
29 27
0 24
1 57
2 96
3 77
4 64
5 17
6 44
7 77
9 29
10 46
11 58
12 10
13 5
14 46
15 51
16 38
17 97
18 79
19 59
20 74
21 22
22 52
23 56
24 49
25 65
26 73
27 19
28 74
29 45
0 73
1 31
2 15
3 46
4 83
5 48
6 44
7 69
8 29
10 2
11 51
12 31
13 28
14 41
15 99
16 1
17 76
18 71
19 79
20 56
21 68
22 37
23 65
24 73
25 34
26 67
27 62
28 30
29 45
0 38
1 21
2 26
3 77
4 67
5 80
6 5
7 25
8 46
9 2
11 20
12 3
13 67
14 23
15 11
16 15
17 88
18 35
19 86
20 13
21 79
22 87
23 63
24 62
25 66
26 3
27 60
28 18
29 30
0 51
1 33
2 40
3 54
4 80
5 74
6 9
7 44
8 58
9 51
10 20
12 30
13 96
14 86
15 50
16 32
17 50
18 74
19 17
20 17
21 35
22 47
23 13
24 7
25 1
26 79
27 29
28 11
29 46
0 95
1 3
2 72
3 59
4 78
5 11
6 68
7 42
8 10
9 31
10 3
11 30
13 68
14 45
15 83
16 81
17 76
18 21
19 95
20 37
21 86
22 98
23 96
24 55
25 79
26 78
27 50
28 64
29 27
0 38
1 11
2 9
3 72
4 38
5 1
6 14
7 83
8 5
9 28
10 67
11 96
12 68
14 34
15 66
16 100
17 50
18 34
19 86
20 48
21 46
22 92
23 49
24 77
25 73
26 59
27 22
28 40
29 56
0 48
1 83
2 13
3 69
4 56
5 19
6 96
7 28
8 46
9 41
10 23
11 86
12 45
13 34
15 4
16 72
17 31
18 24
19 67
20 67
21 61
22 16
23 14
24 15
25 94
26 91
27 16
28 10
29 69
0 79
1 50
2 56
3 84
4 23
5 26
6 14
7 14
8 51
9 99
10 11
11 50
12 83
13 66
14 4
16 49
17 27
18 68
19 51
20 60
21 54
22 98
23 57
24 97
25 46
26 85
27 69
28 57
29 6
0 40
1 100
2 63
3 12
4 14
5 84
6 31
7 17
8 38
9 1
10 15
11 32
12 81
13 100
14 72
15 49
17 61
18 64
19 61
20 32
21 94
22 36
23 50
24 12
25 48
26 65
27 25
28 14
29 11
0 45
1 31
2 23
3 92
4 62
5 86
6 44
7 71
8 97
9 76
10 88
11 50
12 76
13 50
14 31
15 27
16 61
18 68
19 30
20 20
21 36
22 30
23 98
24 56
25 80
26 9
27 9
28 78
29 65
0 29
1 28
2 38
3 44
4 81
5 5
6 94
7 58
8 79
9 71
10 35
11 74
12 21
13 34
14 24
15 68
16 64
17 68
19 5
20 75
21 2
22 26
23 83
24 7
25 86
26 46
27 20
28 69
29 91
0 82
1 39
2 12
3 76
4 86
5 61
6 4
7 21
8 59
9 79
10 86
11 17
12 95
13 86
14 67
15 51
16 61
17 30
18 5
20 7
21 71
22 54
23 55
24 35
25 79
26 68
27 97
28 98
29 49
0 12
1 27
2 74
3 47
4 82
5 23
6 6
7 31
8 74
9 56
10 13
11 17
12 37
13 48
14 67
15 60
16 32
17 20
18 75
19 7
21 68
22 85
23 79
24 65
25 40
26 10
27 73
28 48
29 39
0 91
1 8
2 20
3 7
4 17
5 13
6 94
7 77
8 22
9 68
10 79
11 35
12 86
13 46
14 61
15 54
16 94
17 36
18 2
19 71
20 68
22 90
23 5
24 66
25 91
26 82
27 48
28 49
29 19
0 7
1 21
2 92
3 50
4 49
5 36
6 23
7 35
8 52
9 37
10 87
11 47
12 98
13 92
14 16
15 98
16 36
17 30
18 26
19 54
20 85
21 90
23 46
24 68
25 39
26 36
27 27
28 9
29 42
0 44
1 39
2 12
3 36
4 25
5 36
6 32
7 27
8 56
9 65
10 63
11 13
12 96
13 49
14 14
15 57
16 50
17 98
18 83
19 55
20 79
21 5
22 46
24 81
25 44
26 20
27 100
28 40
29 69
0 63
1 50
2 99
3 18
4 60
5 26
6 29
7 91
8 49
9 73
10 62
11 7
12 55
13 77
14 15
15 97
16 12
17 56
18 7
19 35
20 65
21 66
22 68
23 81
25 1
26 60
27 53
28 79
29 24
0 100
1 79
2 51
3 23
4 24
5 16
6 60
7 17
8 65
9 34
10 66
11 1
12 79
13 73
14 94
15 46
16 48
17 80
18 86
19 79
20 40
21 91
22 39
23 44
24 1
26 93
27 88
28 97
29 92
0 64
1 34
2 84
3 8
4 23
5 73
6 36
7 22
8 73
9 67
10 3
11 79
12 78
13 59
14 91
15 85
16 65
17 9
18 46
19 68
20 10
21 82
22 36
23 20
24 60
25 93
27 79
28 38
29 48
0 97
1 65
2 89
3 61
4 66
5 7
6 42
7 84
8 19
9 62
10 60
11 29
12 50
13 22
14 16
15 69
16 25
17 9
18 20
19 97
20 73
21 48
22 27
23 100
24 53
25 88
26 79
28 44
29 80
0 21
1 30
2 1
3 34
4 73
5 32
6 82
7 72
8 74
9 30
10 18
11 11
12 64
13 40
14 10
15 57
16 14
17 78
18 69
19 98
20 48
21 49
22 9
23 40
24 79
25 97
26 38
27 44
29 29
0 58
1 98
2 14
3 6
4 58
5 21
6 100
7 27
8 45
9 45
10 30
11 46
12 27
13 56
14 69
15 6
16 11
17 65
18 91
19 49
20 39
21 19
22 42
23 69
24 24
25 92
26 48
27 80
28 29
