100
0 99
99 99
198 99
297 99
396 99
495 99
594 99
693 99
792 99
891 99
990 99
1089 99
1188 99
1287 99
1386 99
1485 99
1584 99
1683 99
1782 99
1881 99
1980 99
2079 99
2178 99
2277 99
2376 99
2475 99
2574 99
2673 99
2772 99
2871 99
2970 99
3069 99
3168 99
3267 99
3366 99
3465 99
3564 99
3663 99
3762 99
3861 99
3960 99
4059 99
4158 99
4257 99
4356 99
4455 99
4554 99
4653 99
4752 99
4851 99
4950 99
5049 99
5148 99
5247 99
5346 99
5445 99
5544 99
5643 99
5742 99
5841 99
5940 99
6039 99
6138 99
6237 99
6336 99
6435 99
6534 99
6633 99
6732 99
6831 99
6930 99
7029 99
7128 99
7227 99
7326 99
7425 99
7524 99
7623 99
7722 99
7821 99
7920 99
8019 99
8118 99
8217 99
8316 99
8415 99
8514 99
8613 99
8712 99
8811 99
8910 99
9009 99
9108 99
9207 99
9306 99
9405 99
9504 99
9603 99
9702 99
9801 99

0

9900
1 223
2 55
3 31
4 146
5 300
6 95
7 105
8 148
9 21
10 68
11 8
12 91
13 187
14 395
15 227
16 259
17 113
18 130
19 395
20 161
21 254
22 312
23 23
24 236
25 119
26 148
27 206
28 105
29 372
30 98
31 174
32 195
33 153
34 204
35 340
36 4
37 299
38 397
39 151
40 319
41 64
42 158
43 361
44 202
45 104
46 187
47 60
48 216
49 268
50 6
51 328
52 121
53 317
54 302
55 356
56 35
57 2
58 161
59 91
60 373
61 210
62 264
63 119
64 314
65 20
66 59
67 317
68 318
69 55
70 67
71 188
72 70
73 176
74 148
75 271
76 279
77 286
78 282
79 46
80 105
81 287
82 325
83 225
84 155
85 227
86 132
87 190
88 180
89 244
90 280
91 152
92 53
93 96
94 271
95 367
96 115
97 281
98 283
99 384
0 223
2 287
3 302
4 123
5 308
6 29
7 222
8 130
9 260
10 59
11 11
12 257
13 163
14 249
15 182
16 387
17 3
18 360
19 70
20 144
21 139
22 313
23 376
24 290
25 317
26 71
27 112
28 283
29 137
30 344
31 118
32 120
33 182
34 371
35 194
36 89
37 351
38 15
39 218
40 210
41 73
42 180
43 67
44 187
45 28
46 200
47 173
48 383
49 159
50 194
51 126
52 297
53 106
54 53
55 138
56 22
57 123
58 202
59 257
60 211
61 145
62 326
63 282
64 279
65 296
66 75
67 367
68 246
69 41
70 137
71 8
72 65
73 316
74 74
75 251
76 296
77 273
78 375
79 230
80 383
81 168
82 307
83 279
84 273
85 360
86 368
87 247
88 34
89 169
90 103
91 245
92 266
93 28
94 126
95 144
96 275
97 153
98 62
99 72
0 55
1 287
3 193
4 198
5 79
6 258
7 66
8 104
9 60
10 313
11 328
12 35
13 94
14 310
15 202
16 400
17 188
18 75
19 311
20 108
21 273
22 345
23 276
24 375
25 141
26 93
27 354
28 218
29 236
30 180
31 370
32 250
33 251
34 163
35 399
36 282
37 372
38 64
39 385
40 31
41 328
42 313
43 65
44 373
45 222
46 219
47 373
48 362
49 245
50 235
51 69
52 117
53 131
54 296
55 43
56 271
57 389
58 396
59 89
60 176
61 127
62 10
63 25
64 377
65 172
66 24
67 258
68 95
69 39
70 195
71 126
72 319
73 59
74 142
75 291
76 280
77 360
78 215
79 193
80 204
81 50
82 213
83 272
84 132
85 61
86 314
87 3
88 49
89 261
90 43
91 176
92 387
93 4
94 201
95 364
96 128
97 176
98 173
99 222
0 31
1 302
2 193
4 166
5 367
6 299
7 84
8 25
9 41
10 327
11 257
12 352
13 93
14 1
15 108
16 94
17 166
18 379
19 226
20 226
21 293
22 180
23 274
24 153
25 174
26 1
27 140
28 177
29 201
30 55
31 304
32 328
33 179
34 126
35 94
36 98
37 376
38 129
39 74
40 368
41 55
42 282
43 320
44 148
45 283
46 27
47 193
48 48
49 357
50 18
51 225
52 201
53 197
54 50
55 354
56 370
57 50
58 45
59 99
60 203
61 51
62 2
63 130
64 181
65 79
66 223
67 278
68 55
69 304
70 352
71 22
72 358
73 233
74 293
75 57
76 67
77 271
78 250
79 66
80 228
81 219
82 290
83 28
84 16
85 291
86 333
87 337
88 341
89 329
90 387
91 143
92 379
93 389
94 272
95 160
96 19
97 47
98 389
99 73
0 146
1 123
2 198
3 166
5 350
6 292
7 47
8 259
9 125
10 339
11 268
12 143
13 210
14 69
15 161
16 37
17 287
18 2
19 16
20 254
21 293
22 349
23 143
24 233
25 229
26 129
27 375
28 160
29 69
30 198
31 319
32 88
33 196
34 259
35 160
36 145
37 151
38 158
39 356
40 227
41 97
42 175
43 369
44 306
45 243
46 81
47 294
48 81
49 83
50 261
51 287
52 375
53 161
54 29
55 207
56 390
57 109
58 133
59 149
60 178
61 282
62 19
63 265
64 78
65 277
66 376
67 174
68 27
69 134
70 81
71 205
72 182
73 255
74 174
75 87
76 97
77 206
78 332
79 130
80 288
81 192
82 16
83 262
84 353
85 396
86 20
87 294
88 104
89 104
90 42
91 281
92 338
93 60
94 97
95 15
96 288
97 25
98 140
99 267
0 300
1 308
2 79
3 367
4 350
6 110
7 221
8 71
9 291
10 27
11 196
12 329
13 124
14 2
15 212
16 205
17 289
18 3
19 220
20 103
21 307
22 215
23 74
24 200
25 318
26 130
27 241
28 151
29 67
30 252
31 199
32 33
33 140
34 223
35 124
36 358
37 284
38 344
39 28
40 174
41 371
42 224
43 54
44 46
45 177
46 265
47 250
48 17
49 220
50 21
51 119
52 126
53 187
54 145
55 326
56 104
57 274
58 118
59 206
60 292
61 322
62 5
63 324
64 13
65 179
66 47
67 370
68 63
69 343
70 349
71 188
72 265
73 124
74 194
75 262
76 300
77 58
78 63
79 317
80 277
81 83
82 387
83 355
84 269
85 131
86 280
87 324
88 356
89 349
90 82
91 247
92 222
93 86
94 122
95 234
96 216
97 121
98 155
99 230
0 95
1 29
2 258
3 299
4 292
5 110
7 15
8 104
9 370
10 231
11 227
12 163
13 92
14 127
15 172
16 154
17 395
18 49
19 188
20 381
21 3
22 8
23 64
24 234
25 331
26 371
27 134
28 12
29 218
30 356
31 49
32 291
33 141
34 217
35 363
36 296
37 398
38 377
39 399
40 367
41 207
42 177
43 81
44 250
45 303
46 253
47 3
48 249
49 301
50 142
51 230
52 255
53 149
54 245
55 40
56 32
57 215
58 173
59 395
60 384
61 80
62 396
63 227
64 221
65 164
66 189
67 116
68 161
69 118
70 66
71 128
72 324
73 242
74 208
75 126
76 97
77 12
78 128
79 345
80 264
81 222
82 126
83 118
84 322
85 370
86 157
87 353
88 137
89 282
90 300
91 120
92 361
93 295
94 346
95 181
96 58
97 135
98 248
99 170
0 105
1 222
2 66
3 84
4 47
5 221
6 15
8 252
9 265
10 297
11 127
12 59
13 57
14 252
15 155
16 68
17 332
18 51
19 332
20 105
21 177
22 1
23 26
24 98
25 110
26 331
27 234
28 391
29 230
30 354
31 303
32 76
33 251
34 36
35 85
36 337
37 283
38 254
39 140
40 100
41 103
42 219
43 158
44 111
45 70
46 312
47 130
48 353
49 314
50 13
51 9
52 42
53 366
54 35
55 140
56 75
57 365
58 373
59 17
60 146
61 278
62 319
63 173
64 81
65 354
66 257
67 17
68 189
69 62
70 157
71 288
72 116
73 375
74 45
75 226
76 396
77 308
78 308
79 301
80 173
81 320
82 309
83 215
84 285
85 295
86 354
87 359
88 259
89 278
90 327
91 356
92 108
93 246
94 128
95 188
96 151
97 336
98 204
99 339
0 148
1 130
2 104
3 25
4 259
5 71
6 104
7 252
9 398
10 312
11 226
12 113
13 238
14 222
15 291
16 234
17 81
18 198
19 86
20 254
21 117
22 394
23 68
24 354
25 289
26 21
27 264
28 99
29 250
30 191
31 55
32 357
33 36
34 134
35 96
36 186
37 70
38 300
39 77
40 67
41 163
42 254
43 131
44 1
45 76
46 21
47 186
48 156
49 218
50 271
51 361
52 287
53 216
54 28
55 240
56 104
57 400
58 103
59 203
60 250
61 245
62 209
63 158
64 232
65 342
66 254
67 18
68 363
69 105
70 46
71 29
72 267
73 299
74 160
75 219
76 374
77 132
78 4
79 82
80 302
81 226
82 42
83 188
84 42
85 70
86 379
87 145
88 21
89 81
90 299
91 270
92 278
93 59
94 28
95 109
96 353
97 281
98 78
99 315
0 21
1 260
2 60
3 41
4 125
5 291
6 370
7 265
8 398
10 385
11 123
12 296
13 203
14 22
15 7
16 22
17 347
18 138
19 377
20 380
21 39
22 203
23 22
24 178
25 196
26 43
27 156
28 292
29 63
30 189
31 143
32 285
33 66
34 153
35 264
36 174
37 105
38 144
39 252
40 372
41 80
42 374
43 267
44 234
45 347
46 273
47 207
48 294
49 362
50 184
51 273
52 1
53 338
54 246
55 178
56 85
57 240
58 334
59 376
60 255
61 122
62 118
63 139
64 187
65 271
66 2
67 312
68 327
69 97
70 163
71 298
72 128
73 89
74 164
75 361
76 387
77 388
78 168
79 280
80 350
81 303
82 105
83 302
84 192
85 302
86 79
87 276
88 142
89 364
90 251
91 396
92 37
93 321
94 86
95 175
96 143
97 87
98 87
99 69
0 68
1 59
2 313
3 327
4 339
5 27
6 231
7 297
8 312
9 385
11 135
12 201
13 319
14 262
15 241
16 34
17 174
18 228
19 22
20 293
21 107
22 323
23 147
24 163
25 224
26 338
27 65
28 254
29 213
30 158
31 170
32 16
33 153
34 206
35 288
36 190
37 333
38 382
39 276
40 19
41 2
42 362
43 171
44 320
45 175
46 12
47 306
48 348
49 239
50 327
51 193
52 297
53 201
54 339
55 12
56 376
57 229
58 76
59 229
60 393
61 185
62 398
63 8
64 289
65 156
66 247
67 78
68 88
69 228
70 305
71 58
72 230
73 266
74 180
75 101
76 40
77 191
78 6
79 339
80 381
81 284
82 83
83 278
84 84
85 22
86 289
87 59
88 250
89 316
90 240
91 242
92 100
93 189
94 202
95 340
96 344
97 400
98 17
99 383
0 8
1 11
2 328
3 257
4 268
5 196
6 227
7 127
8 226
9 123
10 135
12 228
13 321
14 392
15 9
16 186
17 172
18 109
19 177
20 362
21 115
22 67
23 295
24 398
25 150
26 172
27 82
28 171
29 12
30 92
31 372
32 279
33 331
34 165
35 378
36 120
37 366
38 269
39 15
40 366
41 285
42 398
43 145
44 205
45 341
46 153
47 342
48 112
49 261
50 70
51 26
52 375
53 136
54 320
55 325
56 237
57 43
58 6
59 7
60 54
61 49
62 330
63 332
64 380
65 95
66 261
67 51
68 12
69 129
70 65
71 329
72 365
73 14
74 73
75 121
76 355
77 225
78 62
79 18
80 38
81 83
82 43
83 364
84 170
85 314
86 288
87 7
88 308
89 245
90 365
91 361
92 294
93 295
94 244
95 225
96 341
97 56
98 275
99 352
0 91
1 257
2 35
3 352
4 143
5 329
6 163
7 59
8 113
9 296
10 201
11 228
13 136
14 291
15 281
16 100
17 305
18 305
19 220
20 211
21 130
22 233
23 228
24 119
25 315
26 223
27 82
28 85
29 88
30 322
31 43
32 396
33 166
34 7
35 308
36 59
37 301
38 152
39 235
40 241
41 159
42 109
43 145
44 295
45 400
46 25
47 394
48 256
49 329
50 166
51 66
52 10
53 398
54 245
55 80
56 265
57 67
58 162
59 301
60 107
61 83
62 343
63 102
64 200
65 349
66 9
67 211
68 250
69 112
70 45
71 42
72 223
73 106
74 186
75 117
76 105
77 162
78 62
79 360
80 43
81 179
82 377
83 52
84 177
85 221
86 84
87 393
88 240
89 245
90 293
91 346
92 279
93 235
94 399
95 30
96 183
97 359
98 240
99 384
0 187
1 163
2 94
3 93
4 210
5 124
6 92
7 57
8 238
9 203
10 319
11 321
12 136
14 71
15 237
16 378
17 245
18 342
19 115
20 313
21 46
22 277
23 326
24 357
25 319
26 105
27 333
28 322
29 233
30 153
31 5
32 225
33 344
34 201
35 117
36 289
37 31
38 351
39 287
40 61
41 133
42 246
43 252
44 69
45 268
46 88
47 46
48 64
49 29
50 160
51 376
52 26
53 388
54 301
55 382
56 258
57 5
58 314
59 180
60 237
61 19
62 136
63 61
64 362
65 289
66 177
67 203
68 319
69 79
70 41
71 331
72 164
73 238
74 183
75 232
76 105
77 270
78 229
79 120
80 251
81 340
82 95
83 276
84 328
85 396
86 258
87 185
88 352
89 123
90 316
91 141
92 93
93 52
94 201
95 7
96 340
97 330
98 209
99 210
0 395
1 249
2 310
3 1
4 69
5 2
6 127
7 252
8 222
9 22
10 262
11 392
12 291
13 71
15 360
16 201
17 141
18 123
19 39
20 323
21 306
22 95
23 144
24 134
25 215
26 394
27 74
28 309
29 270
30 353
31 256
32 79
33 137
34 160
35 153
36 53
37 300
38 246
39 56
40 52
41 252
42 395
43 333
44 12
45 156
46 293
47 164
48 296
49 15
50 202
51 170
52 321
53 297
54 266
55 6
56 63
57 259
58 31
59 323
60 80
61 383
62 179
63 110
64 120
65 338
66 263
67 124
68 189
69 60
70 179
71 240
72 263
73 125
74 173
75 274
76 280
77 65
78 37
79 128
80 31
81 191
82 297
83 303
84 39
85 114
86 309
87 101
88 325
89 291
90 23
91 4
92 274
93 153
94 66
95 345
96 42
97 280
98 68
99 230
0 227
1 182
2 202
3 108
4 161
5 212
6 172
7 155
8 291
9 7
10 241
11 9
12 281
13 237
14 360
16 339
17 198
18 70
19 201
20 322
21 194
22 26
23 153
24 210
25 14
26 280
27 240
28 204
29 129
30 143
31 242
32 242
33 3
34 342
35 166
36 293
37 317
38 122
39 118
40 69
41 187
42 62
43 63
44 66
45 129
46 292
47 356
48 326
49 313
50 156
51 199
52 106
53 181
54 352
55 315
56 146
57 231
58 107
59 350
60 311
61 201
62 143
63 105
64 155
65 37
66 270
67 47
68 353
69 343
70 165
71 373
72 81
73 226
74 35
75 98
76 307
77 327
78 53
79 184
80 191
81 160
82 383
83 297
84 292
85 334
86 163
87 38
88 116
89 221
90 387
91 27
92 21
93 81
94 131
95 175
96 117
97 352
98 174
99 21
0 259
1 387
2 400
3 94
4 37
5 205
6 154
7 68
8 234
9 22
10 34
11 186
12 100
13 378
14 201
15 339
17 295
18 338
19 394
20 375
21 115
22 380
23 25
24 373
25 258
26 77
27 157
28 49
29 237
30 139
31 297
32 128
33 24
34 11
35 165
36 139
37 232
38 103
39 117
40 204
41 184
42 199
43 379
44 252
45 103
46 152
47 273
48 349
49 41
50 218
51 323
52 107
53 197
54 347
55 80
56 55
57 376
58 188
59 55
60 212
61 278
62 351
63 291
64 301
65 361
66 8
67 39
68 144
69 110
70 108
71 348
72 245
73 258
74 278
75 97
76 360
77 29
78 321
79 308
80 21
81 138
82 183
83 79
84 334
85 81
86 110
87 388
88 56
89 297
90 42
91 219
92 174
93 344
94 110
95 26
96 257
97 69
98 17
99 400
0 113
1 3
2 188
3 166
4 287
5 289
6 395
7 332
8 81
9 347
10 174
11 172
12 305
13 245
14 141
15 198
16 295
18 178
19 124
20 299
21 375
22 381
23 176
24 23
25 341
26 204
27 343
28 248
29 176
30 32
31 382
32 207
33 365
34 63
35 316
36 305
37 118
38 165
39 298
40 289
41 290
42 194
43 398
44 316
45 50
46 66
47 332
48 1
49 195
50 7
51 300
52 121
53 387
54 75
55 95
56 279
57 231
58 389
59 79
60 6
61 20
62 60
63 164
64 337
65 74
66 80
67 241
68 192
69 196
70 90
71 80
72 85
73 283
74 29
75 352
76 284
77 46
78 235
79 285
80 192
81 241
82 184
83 265
84 180
85 258
86 359
87 10
88 88
89 348
90 40
91 46
92 367
93 100
94 209
95 303
96 125
97 240
98 95
99 316
0 130
1 360
2 75
3 379
4 2
5 3
6 49
7 51
8 198
9 138
10 228
11 109
12 305
13 342
14 123
15 70
16 338
17 178
19 35
20 137
21 347
22 72
23 19
24 327
25 23
26 303
27 324
28 258
29 187
30 116
31 50
32 322
33 380
34 229
35 179
36 338
37 239
38 267
39 237
40 278
41 264
42 156
43 329
44 72
45 10
46 54
47 264
48 105
49 321
50 298
51 241
52 220
53 369
54 211
55 146
56 344
57 65
58 70
59 153
60 203
61 137
62 202
63 124
64 68
65 31
66 303
67 357
68 221
69 121
70 194
71 50
72 384
73 349
74 331
75 7
76 358
77 384
78 222
79 14
80 256
81 120
82 206
83 75
84 40
85 369
86 173
87 335
88 33
89 194
90 87
91 236
92 330
93 289
94 359
95 397
96 271
97 213
98 353
99 43
0 395
1 70
2 311
3 226
4 16
5 220
6 188
7 332
8 86
9 377
10 22
11 177
12 220
13 115
14 39
15 201
16 394
17 124
18 35
20 285
21 98
22 92
23 268
24 398
25 22
26 227
27 308
28 357
29 48
30 321
31 213
32 119
33 79
34 239
35 111
36 47
37 11
38 45
39 31
40 204
41 132
42 218
43 85
44 372
45 177
46 33
47 194
48 341
49 338
50 236
51 226
52 35
53 327
54 45
55 33
56 349
57 223
58 340
59 305
60 223
61 212
62 69
63 341
64 242
65 308
66 3
67 240
68 270
69 48
70 223
71 74
72 131
73 40
74 110
75 54
76 168
77 143
78 247
79 109
80 32
81 82
82 334
83 66
84 360
85 330
86 50
87 308
88 153
89 341
90 165
91 375
92 105
93 185
94 267
95 298
96 92
97 270
98 138
99 314
0 161
1 144
2 108
3 226
4 254
5 103
6 381
7 105
8 254
9 380
10 293
11 362
12 211
13 313
14 323
15 322
16 375
17 299
18 137
19 285
21 317
22 360
23 387
24 399
25 399
26 48
27 52
28 167
29 142
30 298
31 227
32 173
33 331
34 160
35 191
36 290
37 41
38 240
39 150
40 193
41 133
42 266
43 167
44 237
45 50
46 386
47 86
48 94
49 255
50 223
51 7
52 123
53 134
54 345
55 121
56 85
57 344
58 124
59 203
60 86
61 373
62 29
63 210
64 255
65 140
66 400
67 144
68 180
69 192
70 293
71 373
72 276
73 110
74 91
75 64
76 160
77 76
78 149
79 205
80 282
81 372
82 211
83 4
84 57
85 107
86 76
87 141
88 50
89 151
90 343
91 135
92 75
93 371
94 345
95 329
96 110
97 296
98 73
99 290
0 254
1 139
2 273
3 293
4 293
5 307
6 3
7 177
8 117
9 39
10 107
11 115
12 130
13 46
14 306
15 194
16 115
17 375
18 347
19 98
20 317
22 39
23 317
24 214
25 314
26 379
27 256
28 377
29 138
30 284
31 126
32 294
33 165
34 97
35 104
36 121
37 105
38 210
39 148
40 246
41 259
42 251
43 188
44 346
45 325
46 111
47 242
48 254
49 172
50 137
51 278
52 61
53 128
54 146
55 226
56 41
57 124
58 34
59 18
60 213
61 317
62 143
63 106
64 81
65 191
66 209
67 153
68 295
69 370
70 253
71 92
72 181
73 103
74 280
75 78
76 27
77 342
78 319
79 232
80 113
81 7
82 109
83 126
84 86
85 207
86 351
87 127
88 330
89 384
90 144
91 143
92 300
93 238
94 248
95 333
96 28
97 9
98 37
99 274
0 312
1 313
2 345
3 180
4 349
5 215
6 8
7 1
8 394
9 203
10 323
11 67
12 233
13 277
14 95
15 26
16 380
17 381
18 72
19 92
20 360
21 39
23 330
24 289
25 366
26 62
27 391
28 197
29 139
30 370
31 138
32 9
33 201
34 250
35 368
36 262
37 375
38 53
39 68
40 278
41 131
42 397
43 213
44 274
45 91
46 65
47 63
48 291
49 397
50 42
51 251
52 385
53 316
54 132
55 226
56 233
57 194
58 216
59 29
60 284
61 137
62 118
63 245
64 338
65 367
66 164
67 199
68 294
69 168
70 266
71 171
72 299
73 214
74 383
75 124
76 305
77 47
78 187
79 147
80 395
81 228
82 397
83 332
84 95
85 128
86 157
87 327
88 321
89 324
90 307
91 157
92 61
93 24
94 1
95 398
96 343
97 116
98 148
99 236
0 23
1 376
2 276
3 274
4 143
5 74
6 64
7 26
8 68
9 22
10 147
11 295
12 228
13 326
14 144
15 153
16 25
17 176
18 19
19 268
20 387
21 317
22 330
24 283
25 365
26 358
27 133
28 178
29 292
30 257
31 34
32 291
33 395
34 180
35 285
36 222
37 128
38 168
39 269
40 256
41 324
42 195
43 128
44 248
45 54
46 284
47 308
48 29
49 236
50 257
51 371
52 351
53 356
54 158
55 186
56 320
57 115
58 318
59 49
60 7
61 126
62 35
63 297
64 120
65 166
66 133
67 294
68 294
69 301
70 162
71 149
72 224
73 308
74 276
75 23
76 361
77 112
78 282
79 390
80 299
81 90
82 312
83 250
84 45
85 70
86 387
87 316
88 184
89 304
90 365
91 142
92 30
93 351
94 390
95 101
96 116
97 123
98 394
99 9
0 236
1 290
2 375
3 153
4 233
5 200
6 234
7 98
8 354
9 178
10 163
11 398
12 119
13 357
14 134
15 210
16 373
17 23
18 327
19 398
20 399
21 214
22 289
23 283
25 375
26 155
27 109
28 150
29 63
30 385
31 173
32 375
33 48
34 6
35 316
36 346
37 96
38 228
39 147
40 140
41 297
42 133
43 56
44 32
45 389
46 372
47 126
48 370
49 274
50 115
51 70
52 389
53 189
54 64
55 398
56 163
57 170
58 58
59 265
60 184
61 42
62 37
63 159
64 41
65 394
66 26
67 387
68 89
69 253
70 85
71 181
72 101
73 170
74 188
75 133
76 158
77 111
78 210
79 79
80 384
81 324
82 148
83 372
84 113
85 163
86 321
87 227
88 333
89 379
90 91
91 116
92 372
93 79
94 226
95 13
96 73
97 252
98 351
99 161
0 119
1 317
2 141
3 174
4 229
5 318
6 331
7 110
8 289
9 196
10 224
11 150
12 315
13 319
14 215
15 14
16 258
17 341
18 23
19 22
20 399
21 314
22 366
23 365
24 375
26 56
27 387
28 341
29 157
30 156
31 80
32 241
33 265
34 190
35 50
36 343
37 173
38 325
39 43
40 145
41 389
42 157
43 17
44 216
45 89
46 347
47 306
48 157
49 319
50 337
51 334
52 283
53 9
54 185
55 185
56 121
57 193
58 123
59 14
60 349
61 279
62 93
63 141
64 95
65 283
66 142
67 390
68 55
69 66
70 32
71 151
72 55
73 188
74 120
75 222
76 229
77 66
78 127
79 385
80 336
81 63
82 318
83 218
84 23
85 55
86 354
87 144
88 247
89 77
90 109
91 147
92 307
93 201
94 287
95 1
96 35
97 380
98 390
99 90
0 148
1 71
2 93
3 1
4 129
5 130
6 371
7 331
8 21
9 43
10 338
11 172
12 223
13 105
14 394
15 280
16 77
17 204
18 303
19 227
20 48
21 379
22 62
23 358
24 155
25 56
27 45
28 373
29 192
30 51
31 113
32 311
33 272
34 341
35 329
36 351
37 277
38 264
39 365
40 146
41 82
42 388
43 200
44 387
45 83
46 398
47 63
48 191
49 144
50 321
51 391
52 382
53 322
54 26
55 361
56 263
57 67
58 358
59 236
60 210
61 8
62 348
63 121
64 232
65 240
66 49
67 182
68 116
69 312
70 146
71 261
72 345
73 85
74 13
75 284
76 167
77 10
78 346
79 309
80 154
81 267
82 300
83 135
84 140
85 277
86 96
87 354
88 295
89 5
90 189
91 104
92 12
93 88
94 176
95 195
96 279
97 176
98 328
99 394
0 206
1 112
2 354
3 140
4 375
5 241
6 134
7 234
8 264
9 156
10 65
11 82
12 82
13 333
14 74
15 240
16 157
17 343
18 324
19 308
20 52
21 256
22 391
23 133
24 109
25 387
26 45
28 40
29 26
30 207
31 336
32 110
33 219
34 219
35 229
36 228
37 117
38 137
39 381
40 383
41 388
42 68
43 74
44 216
45 115
46 27
47 110
48 119
49 168
50 166
51 82
52 207
53 341
54 229
55 86
56 69
57 156
58 31
59 108
60 181
61 237
62 43
63 291
64 55
65 214
66 71
67 235
68 330
69 207
70 215
71 264
72 147
73 234
74 337
75 362
76 348
77 315
78 72
79 18
80 82
81 189
82 52
83 241
84 129
85 280
86 278
87 197
88 35
89 308
90 256
91 216
92 145
93 251
94 58
95 151
96 64
97 80
98 385
99 393
0 105
1 283
2 218
3 177
4 160
5 151
6 12
7 391
8 99
9 292
10 254
11 171
12 85
13 322
14 309
15 204
16 49
17 248
18 258
19 357
20 167
21 377
22 197
23 178
24 150
25 341
26 373
27 40
29 286
30 152
31 256
32 384
33 385
34 192
35 346
36 285
37 58
38 369
39 254
40 92
41 157
42 305
43 332
44 285
45 136
46 209
47 34
48 171
49 68
50 241
51 338
52 164
53 91
54 347
55 315
56 154
57 26
58 251
59 146
60 263
61 2
62 353
63 247
64 339
65 96
66 192
67 175
68 154
69 160
70 380
71 245
72 316
73 285
74 128
75 152
76 372
77 288
78 137
79 94
80 355
81 378
82 31
83 119
84 68
85 329
86 385
87 174
88 354
89 235
90 271
91 169
92 237
93 224
94 15
95 127
96 319
97 158
98 253
99 72
0 372
1 137
2 236
3 201
4 69
5 67
6 218
7 230
8 250
9 63
10 213
11 12
12 88
13 233
14 270
15 129
16 237
17 176
18 187
19 48
20 142
21 138
22 139
23 292
24 63
25 157
26 192
27 26
28 286
30 317
31 232
32 268
33 184
34 116
35 395
36 287
37 40
38 282
39 376
40 133
41 237
42 353
43 116
44 307
45 372
46 44
47 291
48 97
49 350
50 125
51 368
52 118
53 313
54 191
55 132
56 39
57 61
58 289
59 291
60 133
61 157
62 123
63 400
64 292
65 190
66 347
67 130
68 181
69 228
70 105
71 314
72 16
73 9
74 29
75 322
76 381
77 72
78 212
79 77
80 21
81 289
82 396
83 138
84 201
85 186
86 221
87 192
88 247
89 61
90 34
91 331
92 217
93 156
94 282
95 108
96 298
97 228
98 190
99 78
0 98
1 344
2 180
3 55
4 198
5 252
6 356
7 354
8 191
9 189
10 158
11 92
12 322
13 153
14 353
15 143
16 139
17 32
18 116
19 321
20 298
21 284
22 370
23 257
24 385
25 156
26 51
27 207
28 152
29 317
31 8
32 294
33 391
34 375
35 303
36 371
37 297
38 235
39 43
40 60
41 263
42 15
43 300
44 259
45 105
46 101
47 396
48 277
49 244
50 194
51 338
52 277
53 76
54 154
55 385
56 358
57 214
58 282
59 137
60 3
61 311
62 96
63 248
64 254
65 71
66 150
67 224
68 319
69 384
70 218
71 330
72 199
73 185
74 230
75 57
76 289
77 282
78 4
79 165
80 125
81 198
82 102
83 1
84 273
85 208
86 385
87 182
88 373
89 218
90 319
91 327
92 81
93 14
94 174
95 334
96 36
97 324
98 157
99 354
0 174
1 118
2 370
3 304
4 319
5 199
6 49
7 303
8 55
9 143
10 170
11 372
12 43
13 5
14 256
15 242
16 297
17 382
18 50
19 213
20 227
21 126
22 138
23 34
24 173
25 80
26 113
27 336
28 256
29 232
30 8
32 259
33 327
34 284
35 57
36 111
37 65
38 113
39 351
40 346
41 69
42 67
43 22
44 266
45 121
46 374
47 90
48 328
49 311
50 272
51 252
52 128
53 190
54 178
55 208
56 155
57 351
58 93
59 191
60 226
61 202
62 96
63 85
64 128
65 331
66 141
67 190
68 395
69 206
70 140
71 292
72 274
73 158
74 265
75 91
76 278
77 239
78 180
79 157
80 149
81 51
82 8
83 228
84 192
85 137
86 388
87 299
88 88
89 80
90 41
91 313
92 281
93 88
94 349
95 8
96 19
97 42
98 197
99 365
0 195
1 120
2 250
3 328
4 88
5 33
6 291
7 76
8 357
9 285
10 16
11 279
12 396
13 225
14 79
15 242
16 128
17 207
18 322
19 119
20 173
21 294
22 9
23 291
24 375
25 241
26 311
27 110
28 384
29 268
30 294
31 259
33 199
34 288
35 209
36 72
37 46
38 73
39 114
40 275
41 263
42 245
43 32
44 11
45 296
46 391
47 191
48 39
49 128
50 178
51 289
52 167
53 257
54 329
55 31
56 138
57 17
58 380
59 145
60 387
61 21
62 294
63 303
64 219
65 133
66 111
67 242
68 130
69 136
70 307
71 5
72 398
73 151
74 36
75 361
76 398
77 378
78 151
79 37
80 105
81 328
82 325
83 223
84 136
85 206
86 254
87 273
88 174
89 233
90 370
91 160
92 205
93 215
94 62
95 375
96 347
97 125
98 168
99 77
0 153
1 182
2 251
3 179
4 196
5 140
6 141
7 251
8 36
9 66
10 153
11 331
12 166
13 344
14 137
15 3
16 24
17 365
18 380
19 79
20 331
21 165
22 201
23 395
24 48
25 265
26 272
27 219
28 385
29 184
30 391
31 327
32 199
34 260
35 26
36 81
37 209
38 176
39 68
40 169
41 174
42 45
43 271
44 162
45 102
46 150
47 38
48 324
49 286
50 195
51 177
52 158
53 368
54 361
55 79
56 79
57 117
58 293
59 93
60 43
61 192
62 217
63 162
64 268
65 28
66 187
67 300
68 236
69 315
70 319
71 5
72 40
73 315
74 227
75 201
76 368
77 377
78 190
79 292
80 262
81 337
82 20
83 371
84 304
85 333
86 50
87 335
88 1
89 342
90 27
91 396
92 133
93 195
94 157
95 352
96 222
97 296
98 203
99 57
0 204
1 371
2 163
3 126
4 259
5 223
6 217
7 36
8 134
9 153
10 206
11 165
12 7
13 201
14 160
15 342
16 11
17 63
18 229
19 239
20 160
21 97
22 250
23 180
24 6
25 190
26 341
27 219
28 192
29 116
30 375
31 284
32 288
33 260
35 210
36 121
37 13
38 249
39 388
40 240
41 1
42 355
43 216
44 142
45 246
46 77
47 78
48 218
49 399
50 334
51 102
52 48
53 268
54 102
55 342
56 246
57 97
58 26
59 40
60 206
61 330
62 261
63 101
64 132
65 317
66 262
67 205
68 282
69 62
70 192
71 121
72 14
73 146
74 336
75 155
76 344
77 364
78 185
79 113
80 362
81 118
82 214
83 362
84 337
85 267
86 303
87 182
88 316
89 280
90 221
91 121
92 209
93 33
94 173
95 293
96 301
97 386
98 97
99 182
0 340
1 194
2 399
3 94
4 160
5 124
6 363
7 85
8 96
9 264
10 288
11 378
12 308
13 117
14 153
15 166
16 165
17 316
18 179
19 111
20 191
21 104
22 368
23 285
24 316
25 50
26 329
27 229
28 346
29 395
30 303
31 57
32 209
33 26
34 210
36 47
37 288
38 302
39 60
40 385
41 189
42 166
43 280
44 104
45 302
46 392
47 18
48 19
49 157
50 379
51 307
52 24
53 233
54 88
55 339
56 112
57 260
58 11
59 273
60 292
61 135
62 165
63 193
64 120
65 261
66 374
67 118
68 100
69 228
70 177
71 36
72 368
73 294
74 316
75 72
76 196
77 307
78 89
79 166
80 64
81 19
82 73
83 39
84 203
85 112
86 329
87 266
88 372
89 291
90 138
91 215
92 25
93 254
94 7
95 96
96 114
97 333
98 213
99 165
0 4
1 89
2 282
3 98
4 145
5 358
6 296
7 337
8 186
9 174
10 190
11 120
12 59
13 289
14 53
15 293
16 139
17 305
18 338
19 47
20 290
21 121
22 262
23 222
24 346
25 343
26 351
27 228
28 285
29 287
30 371
31 111
32 72
33 81
34 121
35 47
37 160
38 341
39 201
40 127
41 234
42 116
43 150
44 381
45 374
46 190
47 147
48 389
49 208
50 171
51 379
52 10
53 282
54 307
55 228
56 205
57 197
58 365
59 20
60 173
61 219
62 26
63 268
64 284
65 358
66 80
67 1
68 69
69 20
70 201
71 148
72 206
73 268
74 297
75 186
76 193
77 87
78 332
79 182
80 246
81 102
82 160
83 256
84 336
85 19
86 35
87 140
88 167
89 399
90 111
91 340
92 169
93 137
94 207
95 5
96 46
97 239
98 5
99 67
0 299
1 351
2 372
3 376
4 151
5 284
6 398
7 283
8 70
9 105
10 333
11 366
12 301
13 31
14 300
15 317
16 232
17 118
18 239
19 11
20 41
21 105
22 375
23 128
24 96
25 173
26 277
27 117
28 58
29 40
30 297
31 65
32 46
33 209
34 13
35 288
36 160
38 258
39 157
40 214
41 63
42 376
43 110
44 201
45 168
46 148
47 132
48 301
49 394
50 186
51 13
52 201
53 73
54 383
55 235
56 212
57 149
58 233
59 275
60 88
61 354
62 363
63 295
64 358
65 360
66 85
67 314
68 26
69 342
70 22
71 191
72 357
73 397
74 301
75 157
76 116
77 400
78 240
79 369
80 393
81 25
82 333
83 193
84 49
85 315
86 379
87 261
88 63
89 164
90 87
91 151
92 117
93 49
94 397
95 26
96 8
97 81
98 291
99 34
0 397
1 15
2 64
3 129
4 158
5 344
6 377
7 254
8 300
9 144
10 382
11 269
12 152
13 351
14 246
15 122
16 103
17 165
18 267
19 45
20 240
21 210
22 53
23 168
24 228
25 325
26 264
27 137
28 369
29 282
30 235
31 113
32 73
33 176
34 249
35 302
36 341
37 258
39 374
40 312
41 224
42 330
43 260
44 76
45 38
46 327
47 76
48 278
49 295
50 20
51 254
52 227
53 165
54 303
55 93
56 143
57 115
58 156
59 306
60 201
61 258
62 22
63 249
64 206
65 399
66 256
67 286
68 289
69 241
70 211
71 152
72 17
73 93
74 11
75 92
76 130
77 338
78 119
79 359
80 184
81 91
82 165
83 363
84 255
85 19
86 55
87 397
88 133
89 210
90 303
91 285
92 19
93 276
94 85
95 224
96 227
97 292
98 61
99 115
0 151
1 218
2 385
3 74
4 356
5 28
6 399
7 140
8 77
9 252
10 276
11 15
12 235
13 287
14 56
15 118
16 117
17 298
18 237
19 31
20 150
21 148
22 68
23 269
24 147
25 43
26 365
27 381
28 254
29 376
30 43
31 351
32 114
33 68
34 388
35 60
36 201
37 157
38 374
40 133
41 272
42 219
43 101
44 316
45 229
46 144
47 397
48 118
49 263
50 356
51 254
52 353
53 72
54 216
55 159
56 90
57 270
58 107
59 174
60 32
61 9
62 58
63 50
64 237
65 94
66 226
67 63
68 385
69 286
70 129
71 69
72 109
73 347
74 169
75 24
76 128
77 313
78 21
79 245
80 127
81 328
82 50
83 31
84 399
85 265
86 141
87 88
88 87
89 247
90 261
91 118
92 256
93 270
94 119
95 44
96 363
97 344
98 58
99 299
0 319
1 210
2 31
3 368
4 227
5 174
6 367
7 100
8 67
9 372
10 19
11 366
12 241
13 61
14 52
15 69
16 204
17 289
18 278
19 204
20 193
21 246
22 278
23 256
24 140
25 145
26 146
27 383
28 92
29 133
30 60
31 346
32 275
33 169
34 240
35 385
36 127
37 214
38 312
39 133
41 230
42 186
43 368
44 290
45 85
46 88
47 314
48 212
49 352
50 286
51 8
52 30
53 213
54 58
55 60
56 211
57 274
58 200
59 250
60 360
61 399
62 110
63 77
64 206
65 331
66 148
67 249
68 293
69 91
70 306
71 191
72 272
73 43
74 110
75 162
76 127
77 150
78 27
79 338
80 101
81 312
82 298
83 83
84 76
85 355
86 94
87 286
88 228
89 246
90 87
91 188
92 244
93 196
94 216
95 49
96 126
97 363
98 297
99 370
0 64
1 73
2 328
3 55
4 97
5 371
6 207
7 103
8 163
9 80
10 2
11 285
12 159
13 133
14 252
15 187
16 184
17 290
18 264
19 132
20 133
21 259
22 131
23 324
24 297
25 389
26 82
27 388
28 157
29 237
30 263
31 69
32 263
33 174
34 1
35 189
36 234
37 63
38 224
39 272
40 230
42 6
43 154
44 160
45 229
46 196
47 222
48 390
49 275
50 371
51 368
52 164
53 23
54 279
55 61
56 105
57 354
58 15
59 151
60 191
61 195
62 396
63 277
64 382
65 239
66 24
67 149
68 287
69 101
70 64
71 135
72 70
73 69
74 288
75 182
76 297
77 35
78 355
79 239
80 309
81 325
82 206
83 73
84 299
85 37
86 133
87 356
88 342
89 100
90 106
91 85
92 294
93 101
94 361
95 227
96 291
97 337
98 375
99 177
0 158
1 180
2 313
3 282
4 175
5 224
6 177
7 219
8 254
9 374
10 362
11 398
12 109
13 246
14 395
15 62
16 199
17 194
18 156
19 218
20 266
21 251
22 397
23 195
24 133
25 157
26 388
27 68
28 305
29 353
30 15
31 67
32 245
33 45
34 355
35 166
36 116
37 376
38 330
39 219
40 186
41 6
43 37
44 38
45 311
46 59
47 58
48 198
49 240
50 307
51 184
52 194
53 145
54 45
55 70
56 302
57 117
58 320
59 338
60 201
61 227
62 232
63 300
64 332
65 316
66 145
67 384
68 228
69 371
70 274
71 164
72 346
73 2
74 153
75 335
76 312
77 211
78 345
79 61
80 2
81 251
82 245
83 147
84 395
85 289
86 216
87 248
88 357
89 87
90 138
91 109
92 314
93 369
94 361
95 197
96 236
97 105
98 181
99 63
0 361
1 67
2 65
3 320
4 369
5 54
6 81
7 158
8 131
9 267
10 171
11 145
12 145
13 252
14 333
15 63
16 379
17 398
18 329
19 85
20 167
21 188
22 213
23 128
24 56
25 17
26 200
27 74
28 332
29 116
30 300
31 22
32 32
33 271
34 216
35 280
36 150
37 110
38 260
39 101
40 368
41 154
42 37
44 76
45 6
46 179
47 373
48 8
49 331
50 259
51 271
52 93
53 203
54 332
55 94
56 53
57 128
58 240
59 399
60 368
61 7
62 247
63 276
64 93
65 384
66 384
67 358
68 304
69 344
70 155
71 139
72 49
73 287
74 153
75 76
76 292
77 283
78 400
79 251
80 165
81 258
82 122
83 257
84 61
85 5
86 302
87 65
88 132
89 141
90 64
91 99
92 99
93 262
94 326
95 144
96 197
97 309
98 101
99 100
0 202
1 187
2 373
3 148
4 306
5 46
6 250
7 111
8 1
9 234
10 320
11 205
12 295
13 69
14 12
15 66
16 252
17 316
18 72
19 372
20 237
21 346
22 274
23 248
24 32
25 216
26 387
27 216
28 285
29 307
30 259
31 266
32 11
33 162
34 142
35 104
36 381
37 201
38 76
39 316
40 290
41 160
42 38
43 76
45 253
46 255
47 190
48 253
49 141
50 294
51 280
52 385
53 177
54 279
55 187
56 341
57 88
58 260
59 150
60 148
61 264
62 51
63 165
64 395
65 144
66 228
67 45
68 194
69 41
70 370
71 337
72 237
73 231
74 38
75 288
76 35
77 244
78 77
79 239
80 385
81 322
82 118
83 321
84 50
85 348
86 107
87 391
88 35
89 367
90 92
91 135
92 182
93 94
94 299
95 129
96 189
97 78
98 125
99 383
0 104
1 28
2 222
3 283
4 243
5 177
6 303
7 70
8 76
9 347
10 175
11 341
12 400
13 268
14 156
15 129
16 103
17 50
18 10
19 177
20 50
21 325
22 91
23 54
24 389
25 89
26 83
27 115
28 136
29 372
30 105
31 121
32 296
33 102
34 246
35 302
36 374
37 168
38 38
39 229
40 85
41 229
42 311
43 6
44 253
46 118
47 47
48 319
49 354
50 277
51 356
52 241
53 311
54 200
55 269
56 149
57 136
58 190
59 218
60 8
61 240
62 165
63 66
64 182
65 151
66 384
67 273
68 285
69 166
70 318
71 183
72 294
73 107
74 260
75 370
76 89
77 377
78 16
79 7
80 282
81 292
82 315
83 122
84 154
85 66
86 390
87 254
88 153
89 132
90 23
91 160
92 371
93 187
94 177
95 104
96 290
97 161
98 328
99 174
0 187
1 200
2 219
3 27
4 81
5 265
6 253
7 312
8 21
9 273
10 12
11 153
12 25
13 88
14 293
15 292
16 152
17 66
18 54
19 33
20 386
21 111
22 65
23 284
24 372
25 347
26 398
27 27
28 209
29 44
30 101
31 374
32 391
33 150
34 77
35 392
36 190
37 148
38 327
39 144
40 88
41 196
42 59
43 179
44 255
45 118
47 278
48 245
49 309
50 123
51 351
52 120
53 92
54 391
55 49
56 108
57 398
58 330
59 351
60 264
61 4
62 105
63 281
64 345
65 310
66 33
67 76
68 333
69 144
70 398
71 71
72 272
73 101
74 360
75 32
76 380
77 86
78 261
79 225
80 394
81 383
82 127
83 65
84 27
85 118
86 113
87 86
88 67
89 395
90 36
91 330
92 398
93 140
94 162
95 342
96 2
97 146
98 370
99 334
0 60
1 173
2 373
3 193
4 294
5 250
6 3
7 130
8 186
9 207
10 306
11 342
12 394
13 46
14 164
15 356
16 273
17 332
18 264
19 194
20 86
21 242
22 63
23 308
24 126
25 306
26 63
27 110
28 34
29 291
30 396
31 90
32 191
33 38
34 78
35 18
36 147
37 132
38 76
39 397
40 314
41 222
42 58
43 373
44 190
45 47
46 278
48 289
49 367
50 4
51 160
52 20
53 364
54 144
55 399
56 49
57 356
58 175
59 394
60 291
61 302
62 58
63 317
64 19
65 171
66 2
67 37
68 165
69 37
70 318
71 114
72 129
73 79
74 55
75 130
76 224
77 24
78 63
79 64
80 343
81 66
82 175
83 314
84 381
85 270
86 264
87 29
88 226
89 39
90 22
91 116
92 340
93 32
94 32
95 310
96 202
97 385
98 298
99 318
0 216
1 383
2 362
3 48
4 81
5 17
6 249
7 353
8 156
9 294
10 348
11 112
12 256
13 64
14 296
15 326
16 349
17 1
18 105
19 341
20 94
21 254
22 291
23 29
24 370
25 157
26 191
27 119
28 171
29 97
30 277
31 328
32 39
33 324
34 218
35 19
36 389
37 301
38 278
39 118
40 212
41 390
42 198
43 8
44 253
45 319
46 245
47 289
49 21
50 215
51 31
52 101
53 293
54 37
55 182
56 68
57 13
58 244
59 131
60 355
61 262
62 257
63 220
64 242
65 127
66 83
67 223
68 352
69 121
70 196
71 19
72 12
73 227
74 50
75 273
76 28
77 386
78 170
79 297
80 6
81 384
82 327
83 59
84 228
85 316
86 240
87 247
88 328
89 84
90 377
91 234
92 297
93 186
94 53
95 90
96 312
97 135
98 312
99 215
0 268
1 159
2 245
3 357
4 83
5 220
6 301
7 314
8 218
9 362
10 239
11 261
12 329
13 29
14 15
15 313
16 41
17 195
18 321
19 338
20 255
21 172
22 397
23 236
24 274
25 319
26 144
27 168
28 68
29 350
30 244
31 311
32 128
33 286
34 399
35 157
36 208
37 394
38 295
39 263
40 352
41 275
42 240
43 331
44 141
45 354
46 309
47 367
48 21
50 208
51 108
52 233
53 219
54 286
55 234
56 44
57 314
58 219
59 213
60 162
61 176
62 149
63 41
64 234
65 328
66 356
67 74
68 175
69 283
70 109
71 103
72 116
73 5
74 288
75 120
76 94
77 151
78 254
79 358
80 365
81 61
82 17
83 197
84 232
85 302
86 382
87 227
88 167
89 200
90 39
91 329
92 376
93 139
94 369
95 209
96 19
97 276
98 234
99 193
0 6
1 194
2 235
3 18
4 261
5 21
6 142
7 13
8 271
9 184
10 327
11 70
12 166
13 160
14 202
15 156
16 218
17 7
18 298
19 236
20 223
21 137
22 42
23 257
24 115
25 337
26 321
27 166
28 241
29 125
30 194
31 272
32 178
33 195
34 334
35 379
36 171
37 186
38 20
39 356
40 286
41 371
42 307
43 259
44 294
45 277
46 123
47 4
48 215
49 208
51 158
52 342
53 247
54 225
55 298
56 87
57 296
58 344
59 237
60 149
61 301
62 154
63 162
64 317
65 350
66 345
67 218
68 284
69 171
70 385
71 83
72 161
73 265
74 10
75 252
76 185
77 171
78 270
79 60
80 4
81 14
82 169
83 298
84 212
85 393
86 195
87 298
88 288
89 138
90 87
91 388
92 38
93 240
94 101
95 306
96 189
97 397
98 76
99 24
0 328
1 126
2 69
3 225
4 287
5 119
6 230
7 9
8 361
9 273
10 193
11 26
12 66
13 376
14 170
15 199
16 323
17 300
18 241
19 226
20 7
21 278
22 251
23 371
24 70
25 334
26 391
27 82
28 338
29 368
30 338
31 252
32 289
33 177
34 102
35 307
36 379
37 13
38 254
39 254
40 8
41 368
42 184
43 271
44 280
45 356
46 351
47 160
48 31
49 108
50 158
52 167
53 12
54 107
55 280
56 276
57 68
58 131
59 60
60 238
61 352
62 119
63 242
64 317
65 287
66 139
67 128
68 231
69 285
70 26
71 70
72 23
73 112
74 9
75 12
76 303
77 62
78 318
79 91
80 58
81 393
82 67
83 177
84 4
85 173
86 56
87 231
88 192
89 138
90 290
91 30
92 41
93 360
94 223
95 357
96 198
97 313
98 84
99 380
0 121
1 297
2 117
3 201
4 375
5 126
6 255
7 42
8 287
9 1
10 297
11 375
12 10
13 26
14 321
15 106
16 107
17 121
18 220
19 35
20 123
21 61
22 385
23 351
24 389
25 283
26 382
27 207
28 164
29 118
30 277
31 128
32 167
33 158
34 48
35 24
36 10
37 201
38 227
39 353
40 30
41 164
42 194
43 93
44 385
45 241
46 120
47 20
48 101
49 233
50 342
51 167
53 197
54 61
55 1
56 219
57 124
58 361
59 183
60 26
61 22
62 100
63 69
64 80
65 44
66 135
67 208
68 399
69 259
70 215
71 229
72 50
73 352
74 70
75 79
76 344
77 29
78 301
79 300
80 178
81 165
82 383
83 157
84 362
85 396
86 109
87 132
88 119
89 69
90 314
91 97
92 91
93 13
94 165
95 122
96 8
97 299
98 329
99 6
0 317
1 106
2 131
3 197
4 161
5 187
6 149
7 366
8 216
9 338
10 201
11 136
12 398
13 388
14 297
15 181
16 197
17 387
18 369
19 327
20 134
21 128
22 316
23 356
24 189
25 9
26 322
27 341
28 91
29 313
30 76
31 190
32 257
33 368
34 268
35 233
36 282
37 73
38 165
39 72
40 213
41 23
42 145
43 203
44 177
45 311
46 92
47 364
48 293
49 219
50 247
51 12
52 197
54 109
55 95
56 186
57 158
58 398
59 255
60 189
61 341
62 235
63 41
64 240
65 12
66 206
67 174
68 120
69 167
70 169
71 228
72 250
73 240
74 297
75 164
76 336
77 339
78 128
79 52
80 12
81 136
82 302
83 340
84 93
85 10
86 386
87 279
88 119
89 383
90 133
91 307
92 323
93 368
94 348
95 114
96 331
97 105
98 287
99 3
0 302
1 53
2 296
3 50
4 29
5 145
6 245
7 35
8 28
9 246
10 339
11 320
12 245
13 301
14 266
15 352
16 347
17 75
18 211
19 45
20 345
21 146
22 132
23 158
24 64
25 185
26 26
27 229
28 347
29 191
30 154
31 178
32 329
33 361
34 102
35 88
36 307
37 383
38 303
39 216
40 58
41 279
42 45
43 332
44 279
45 200
46 391
47 144
48 37
49 286
50 225
51 107
52 61
53 109
55 223
56 8
57 230
58 72
59 247
60 78
61 235
62 134
63 368
64 363
65 185
66 379
67 50
68 38
69 270
70 142
71 47
72 255
73 372
74 165
75 237
76 105
77 72
78 111
79 24
80 371
81 224
82 306
83 75
84 111
85 308
86 297
87 70
88 90
89 320
90 268
91 119
92 155
93 1
94 87
95 69
96 137
97 17
98 70
99 174
0 356
1 138
2 43
3 354
4 207
5 326
6 40
7 140
8 240
9 178
10 12
11 325
12 80
13 382
14 6
15 315
16 80
17 95
18 146
19 33
20 121
21 226
22 226
23 186
24 398
25 185
26 361
27 86
28 315
29 132
30 385
31 208
32 31
33 79
34 342
35 339
36 228
37 235
38 93
39 159
40 60
41 61
42 70
43 94
44 187
45 269
46 49
47 399
48 182
49 234
50 298
51 280
52 1
53 95
54 223
56 287
57 163
58 172
59 141
60 135
61 336
62 330
63 191
64 359
65 40
66 214
67 281
68 216
69 71
70 307
71 278
72 331
73 203
74 347
75 20
76 123
77 214
78 90
79 229
80 166
81 128
82 249
83 254
84 145
85 318
86 379
87 31
88 80
89 150
90 123
91 214
92 37
93 4
94 356
95 396
96 44
97 169
98 228
99 211
0 35
1 22
2 271
3 370
4 390
5 104
6 32
7 75
8 104
9 85
10 376
11 237
12 265
13 258
14 63
15 146
16 55
17 279
18 344
19 349
20 85
21 41
22 233
23 320
24 163
25 121
26 263
27 69
28 154
29 39
30 358
31 155
32 138
33 79
34 246
35 112
36 205
37 212
38 143
39 90
40 211
41 105
42 302
43 53
44 341
45 149
46 108
47 49
48 68
49 44
50 87
51 276
52 219
53 186
54 8
55 287
57 192
58 135
59 88
60 122
61 289
62 386
63 93
64 363
65 199
66 182
67 191
68 316
69 262
70 39
71 121
72 6
73 308
74 99
75 388
76 388
77 248
78 110
79 153
80 284
81 114
82 109
83 231
84 109
85 229
86 11
87 319
88 372
89 145
90 358
91 93
92 33
93 343
94 137
95 396
96 93
97 271
98 138
99 8
0 2
1 123
2 389
3 50
4 109
5 274
6 215
7 365
8 400
9 240
10 229
11 43
12 67
13 5
14 259
15 231
16 376
17 231
18 65
19 223
20 344
21 124
22 194
23 115
24 170
25 193
26 67
27 156
28 26
29 61
30 214
31 351
32 17
33 117
34 97
35 260
36 197
37 149
38 115
39 270
40 274
41 354
42 117
43 128
44 88
45 136
46 398
47 356
48 13
49 314
50 296
51 68
52 124
53 158
54 230
55 163
56 192
58 132
59 129
60 128
61 137
62 36
63 178
64 124
65 375
66 377
67 185
68 80
69 212
70 250
71 140
72 43
73 310
74 320
75 53
76 180
77 292
78 149
79 137
80 336
81 181
82 79
83 73
84 128
85 171
86 343
87 266
88 130
89 74
90 394
91 209
92 162
93 381
94 386
95 237
96 356
97 362
98 21
99 35
0 161
1 202
2 396
3 45
4 133
5 118
6 173
7 373
8 103
9 334
10 76
11 6
12 162
13 314
14 31
15 107
16 188
17 389
18 70
19 340
20 124
21 34
22 216
23 318
24 58
25 123
26 358
27 31
28 251
29 289
30 282
31 93
32 380
33 293
34 26
35 11
36 365
37 233
38 156
39 107
40 200
41 15
42 320
43 240
44 260
45 190
46 330
47 175
48 244
49 219
50 344
51 131
52 361
53 398
54 72
55 172
56 135
57 132
59 174
60 223
61 174
62 168
63 132
64 93
65 172
66 312
67 336
68 272
69 48
70 272
71 4
72 79
73 344
74 132
75 249
76 286
77 349
78 331
79 311
80 294
81 139
82 72
83 274
84 77
85 308
86 181
87 390
88 280
89 215
90 115
91 102
92 340
93 234
94 234
95 385
96 357
97 145
98 320
99 228
0 91
1 257
2 89
3 99
4 149
5 206
6 395
7 17
8 203
9 376
10 229
11 7
12 301
13 180
14 323
15 350
16 55
17 79
18 153
19 305
20 203
21 18
22 29
23 49
24 265
25 14
26 236
27 108
28 146
29 291
30 137
31 191
32 145
33 93
34 40
35 273
36 20
37 275
38 306
39 174
40 250
41 151
42 338
43 399
44 150
45 218
46 351
47 394
48 131
49 213
50 237
51 60
52 183
53 255
54 247
55 141
56 88
57 129
58 174
60 144
61 191
62 184
63 222
64 86
65 315
66 23
67 323
68 215
69 353
70 233
71 108
72 43
73 304
74 333
75 71
76 163
77 114
78 13
79 43
80 280
81 79
82 144
83 220
84 313
85 329
86 156
87 221
88 25
89 75
90 1
91 169
92 218
93 184
94 390
95 303
96 98
97 364
98 226
99 264
0 373
1 211
2 176
3 203
4 178
5 292
6 384
7 146
8 250
9 255
10 393
11 54
12 107
13 237
14 80
15 311
16 212
17 6
18 203
19 223
20 86
21 213
22 284
23 7
24 184
25 349
26 210
27 181
28 263
29 133
30 3
31 226
32 387
33 43
34 206
35 292
36 173
37 88
38 201
39 32
40 360
41 191
42 201
43 368
44 148
45 8
46 264
47 291
48 355
49 162
50 149
51 238
52 26
53 189
54 78
55 135
56 122
57 128
58 223
59 144
61 316
62 10
63 323
64 311
65 266
66 255
67 333
68 28
69 368
70 345
71 22
72 248
73 24
74 118
75 19
76 288
77 46
78 174
79 108
80 71
81 200
82 108
83 191
84 17
85 291
86 132
87 272
88 340
89 96
90 49
91 203
92 363
93 58
94 125
95 225
96 323
97 332
98 158
99 303
0 210
1 145
2 127
3 51
4 282
5 322
6 80
7 278
8 245
9 122
10 185
11 49
12 83
13 19
14 383
15 201
16 278
17 20
18 137
19 212
20 373
21 317
22 137
23 126
24 42
25 279
26 8
27 237
28 2
29 157
30 311
31 202
32 21
33 192
34 330
35 135
36 219
37 354
38 258
39 9
40 399
41 195
42 227
43 7
44 264
45 240
46 4
47 302
48 262
49 176
50 301
51 352
52 22
53 341
54 235
55 336
56 289
57 137
58 174
59 191
60 316
62 251
63 54
64 324
65 50
66 77
67 41
68 68
69 364
70 39
71 193
72 24
73 61
74 393
75 131
76 251
77 361
78 374
79 334
80 184
81 313
82 29
83 232
84 68
85 344
86 242
87 144
88 120
89 116
90 27
91 277
92 18
93 278
94 331
95 342
96 327
97 359
98 334
99 347
0 264
1 326
2 10
3 2
4 19
5 5
6 396
7 319
8 209
9 118
10 398
11 330
12 343
13 136
14 179
15 143
16 351
17 60
18 202
19 69
20 29
21 143
22 118
23 35
24 37
25 93
26 348
27 43
28 353
29 123
30 96
31 96
32 294
33 217
34 261
35 165
36 26
37 363
38 22
39 58
40 110
41 396
42 232
43 247
44 51
45 165
46 105
47 58
48 257
49 149
50 154
51 119
52 100
53 235
54 134
55 330
56 386
57 36
58 168
59 184
60 10
61 251
63 323
64 372
65 139
66 298
67 32
68 83
69 28
70 234
71 396
72 353
73 168
74 131
75 218
76 148
77 363
78 285
79 43
80 156
81 380
82 163
83 271
84 7
85 39
86 289
87 284
88 321
89 182
90 162
91 280
92 115
93 108
94 154
95 87
96 199
97 51
98 70
99 233
0 119
1 282
2 25
3 130
4 265
5 324
6 227
7 173
8 158
9 139
10 8
11 332
12 102
13 61
14 110
15 105
16 291
17 164
18 124
19 341
20 210
21 106
22 245
23 297
24 159
25 141
26 121
27 291
28 247
29 400
30 248
31 85
32 303
33 162
34 101
35 193
36 268
37 295
38 249
39 50
40 77
41 277
42 300
43 276
44 165
45 66
46 281
47 317
48 220
49 41
50 162
51 242
52 69
53 41
54 368
55 191
56 93
57 178
58 132
59 222
60 323
61 54
62 323
64 30
65 304
66 228
67 383
68 71
69 359
70 200
71 170
72 273
73 36
74 213
75 380
76 367
77 375
78 250
79 373
80 365
81 90
82 208
83 238
84 271
85 370
86 117
87 386
88 29
89 222
90 24
91 179
92 272
93 93
94 12
95 253
96 396
97 239
98 187
99 18
0 314
1 279
2 377
3 181
4 78
5 13
6 221
7 81
8 232
9 187
10 289
11 380
12 200
13 362
14 120
15 155
16 301
17 337
18 68
19 242
20 255
21 81
22 338
23 120
24 41
25 95
26 232
27 55
28 339
29 292
30 254
31 128
32 219
33 268
34 132
35 120
36 284
37 358
38 206
39 237
40 206
41 382
42 332
43 93
44 395
45 182
46 345
47 19
48 242
49 234
50 317
51 317
52 80
53 240
54 363
55 359
56 363
57 124
58 93
59 86
60 311
61 324
62 372
63 30
65 149
66 386
67 188
68 373
69 373
70 352
71 352
72 340
73 278
74 202
75 264
76 194
77 243
78 72
79 31
80 114
81 393
82 147
83 51
84 373
85 320
86 74
87 152
88 143
89 166
90 163
91 396
92 162
93 353
94 182
95 179
96 102
97 120
98 318
99 74
0 20
1 296
2 172
3 79
4 277
5 179
6 164
7 354
8 342
9 271
10 156
11 95
12 349
13 289
14 338
15 37
16 361
17 74
18 31
19 308
20 140
21 191
22 367
23 166
24 394
25 283
26 240
27 214
28 96
29 190
30 71
31 331
32 133
33 28
34 317
35 261
36 358
37 360
38 399
39 94
40 331
41 239
42 316
43 384
44 144
45 151
46 310
47 171
48 127
49 328
50 350
51 287
52 44
53 12
54 185
55 40
56 199
57 375
58 172
59 315
60 266
61 50
62 139
63 304
64 149
66 44
67 221
68 378
69 335
70 98
71 179
72 199
73 292
74 21
75 270
76 322
77 86
78 214
79 21
80 136
81 186
82 340
83 209
84 289
85 35
86 375
87 3
88 30
89 88
90 356
91 163
92 218
93 9
94 234
95 136
96 34
97 230
98 356
99 11
0 59
1 75
2 24
3 223
4 376
5 47
6 189
7 257
8 254
9 2
10 247
11 261
12 9
13 177
14 263
15 270
16 8
17 80
18 303
19 3
20 400
21 209
22 164
23 133
24 26
25 142
26 49
27 71
28 192
29 347
30 150
31 141
32 111
33 187
34 262
35 374
36 80
37 85
38 256
39 226
40 148
41 24
42 145
43 384
44 228
45 384
46 33
47 2
48 83
49 356
50 345
51 139
52 135
53 206
54 379
55 214
56 182
57 377
58 312
59 23
60 255
61 77
62 298
63 228
64 386
65 44
67 164
68 6
69 141
70 362
71 297
72 114
73 183
74 170
75 199
76 396
77 190
78 335
79 134
80 82
81 95
82 374
83 116
84 69
85 377
86 97
87 108
88 332
89 211
90 326
91 292
92 397
93 61
94 277
95 226
96 368
97 288
98 341
99 373
0 317
1 367
2 258
3 278
4 174
5 370
6 116
7 17
8 18
9 312
10 78
11 51
12 211
13 203
14 124
15 47
16 39
17 241
18 357
19 240
20 144
21 153
22 199
23 294
24 387
25 390
26 182
27 235
28 175
29 130
30 224
31 190
32 242
33 300
34 205
35 118
36 1
37 314
38 286
39 63
40 249
41 149
42 384
43 358
44 45
45 273
46 76
47 37
48 223
49 74
50 218
51 128
52 208
53 174
54 50
55 281
56 191
57 185
58 336
59 323
60 333
61 41
62 32
63 383
64 188
65 221
66 164
68 380
69 303
70 221
71 93
72 37
73 391
74 244
75 33
76 180
77 130
78 118
79 213
80 224
81 91
82 280
83 245
84 19
85 376
86 352
87 302
88 139
89 277
90 193
91 135
92 289
93 70
94 312
95 257
96 309
97 252
98 181
99 288
0 318
1 246
2 95
3 55
4 27
5 63
6 161
7 189
8 363
9 327
10 88
11 12
12 250
13 319
14 189
15 353
16 144
17 192
18 221
19 270
20 180
21 295
22 294
23 294
24 89
25 55
26 116
27 330
28 154
29 181
30 319
31 395
32 130
33 236
34 282
35 100
36 69
37 26
38 289
39 385
40 293
41 287
42 228
43 304
44 194
45 285
46 333
47 165
48 352
49 175
50 284
51 231
52 399
53 120
54 38
55 216
56 316
57 80
58 272
59 215
60 28
61 68
62 83
63 71
64 373
65 378
66 6
67 380
69 154
70 2
71 381
72 191
73 344
74 176
75 175
76 75
77 305
78 244
79 288
80 128
81 286
82 167
83 372
84 305
85 95
86 324
87 206
88 233
89 152
90 351
91 367
92 41
93 372
94 278
95 297
96 280
97 81
98 29
99 167
0 55
1 41
2 39
3 304
4 134
5 343
6 118
7 62
8 105
9 97
10 228
11 129
12 112
13 79
14 60
15 343
16 110
17 196
18 121
19 48
20 192
21 370
22 168
23 301
24 253
25 66
26 312
27 207
28 160
29 228
30 384
31 206
32 136
33 315
34 62
35 228
36 20
37 342
38 241
39 286
40 91
41 101
42 371
43 344
44 41
45 166
46 144
47 37
48 121
49 283
50 171
51 285
52 259
53 167
54 270
55 71
56 262
57 212
58 48
59 353
60 368
61 364
62 28
63 359
64 373
65 335
66 141
67 303
68 154
70 187
71 30
72 99
73 329
74 373
75 274
76 103
77 48
78 178
79 298
80 287
81 258
82 135
83 53
84 229
85 39
86 147
87 104
88 197
89 379
90 256
91 99
92 297
93 296
94 70
95 126
96 144
97 349
98 207
99 172
0 67
1 137
2 195
3 352
4 81
5 349
6 66
7 157
8 46
9 163
10 305
11 65
12 45
13 41
14 179
15 165
16 108
17 90
18 194
19 223
20 293
21 253
22 266
23 162
24 85
25 32
26 146
27 215
28 380
29 105
30 218
31 140
32 307
33 319
34 192
35 177
36 201
37 22
38 211
39 129
40 306
41 64
42 274
43 155
44 370
45 318
46 398
47 318
48 196
49 109
50 385
51 26
52 215
53 169
54 142
55 307
56 39
57 250
58 272
59 233
60 345
61 39
62 234
63 200
64 352
65 98
66 362
67 221
68 2
69 187
71 67
72 393
73 154
74 166
75 321
76 78
77 391
78 375
79 77
80 121
81 224
82 363
83 378
84 358
85 368
86 158
87 397
88 66
89 214
90 145
91 397
92 21
93 243
94 293
95 268
96 312
97 371
98 363
99 260
0 188
1 8
2 126
3 22
4 205
5 188
6 128
7 288
8 29
9 298
10 58
11 329
12 42
13 331
14 240
15 373
16 348
17 80
18 50
19 74
20 373
21 92
22 171
23 149
24 181
25 151
26 261
27 264
28 245
29 314
30 330
31 292
32 5
33 5
34 121
35 36
36 148
37 191
38 152
39 69
40 191
41 135
42 164
43 139
44 337
45 183
46 71
47 114
48 19
49 103
50 83
51 70
52 229
53 228
54 47
55 278
56 121
57 140
58 4
59 108
60 22
61 193
62 396
63 170
64 352
65 179
66 297
67 93
68 381
69 30
70 67
72 177
73 86
74 326
75 121
76 239
77 43
78 393
79 269
80 386
81 367
82 345
83 106
84 190
85 260
86 35
87 147
88 179
89 144
90 95
91 244
92 309
93 239
94 240
95 329
96 33
97 85
98 196
99 344
0 70
1 65
2 319
3 358
4 182
5 265
6 324
7 116
8 267
9 128
10 230
11 365
12 223
13 164
14 263
15 81
16 245
17 85
18 384
19 131
20 276
21 181
22 299
23 224
24 101
25 55
26 345
27 147
28 316
29 16
30 199
31 274
32 398
33 40
34 14
35 368
36 206
37 357
38 17
39 109
40 272
41 70
42 346
43 49
44 237
45 294
46 272
47 129
48 12
49 116
50 161
51 23
52 50
53 250
54 255
55 331
56 6
57 43
58 79
59 43
60 248
61 24
62 353
63 273
64 340
65 199
66 114
67 37
68 191
69 99
70 393
71 177
73 55
74 110
75 155
76 183
77 196
78 33
79 255
80 386
81 27
82 247
83 254
84 12
85 165
86 151
87 69
88 354
89 10
90 55
91 52
92 140
93 199
94 99
95 383
96 107
97 289
98 175
99 388
0 176
1 316
2 59
3 233
4 255
5 124
6 242
7 375
8 299
9 89
10 266
11 14
12 106
13 238
14 125
15 226
16 258
17 283
18 349
19 40
20 110
21 103
22 214
23 308
24 170
25 188
26 85
27 234
28 285
29 9
30 185
31 158
32 151
33 315
34 146
35 294
36 268
37 397
38 93
39 347
40 43
41 69
42 2
43 287
44 231
45 107
46 101
47 79
48 227
49 5
50 265
51 112
52 352
53 240
54 372
55 203
56 308
57 310
58 344
59 304
60 24
61 61
62 168
63 36
64 278
65 292
66 183
67 391
68 344
69 329
70 154
71 86
72 55
74 322
75 211
76 135
77 217
78 217
79 245
80 324
81 399
82 40
83 356
84 205
85 25
86 334
87 51
88 231
89 298
90 167
91 381
92 366
93 72
94 342
95 373
96 123
97 81
98 171
99 221
0 148
1 74
2 142
3 293
4 174
5 194
6 208
7 45
8 160
9 164
10 180
11 73
12 186
13 183
14 173
15 35
16 278
17 29
18 331
19 110
20 91
21 280
22 383
23 276
24 188
25 120
26 13
27 337
28 128
29 29
30 230
31 265
32 36
33 227
34 336
35 316
36 297
37 301
38 11
39 169
40 110
41 288
42 153
43 153
44 38
45 260
46 360
47 55
48 50
49 288
50 10
51 9
52 70
53 297
54 165
55 347
56 99
57 320
58 132
59 333
60 118
61 393
62 131
63 213
64 202
65 21
66 170
67 244
68 176
69 373
70 166
71 326
72 110
73 322
75 15
76 229
77 110
78 189
79 168
80 383
81 399
82 303
83 199
84 215
85 99
86 74
87 165
88 90
89 29
90 369
91 66
92 315
93 371
94 296
95 212
96 137
97 228
98 129
99 208
0 271
1 251
2 291
3 57
4 87
5 262
6 126
7 226
8 219
9 361
10 101
11 121
12 117
13 232
14 274
15 98
16 97
17 352
18 7
19 54
20 64
21 78
22 124
23 23
24 133
25 222
26 284
27 362
28 152
29 322
30 57
31 91
32 361
33 201
34 155
35 72
36 186
37 157
38 92
39 24
40 162
41 182
42 335
43 76
44 288
45 370
46 32
47 130
48 273
49 120
50 252
51 12
52 79
53 164
54 237
55 20
56 388
57 53
58 249
59 71
60 19
61 131
62 218
63 380
64 264
65 270
66 199
67 33
68 175
69 274
70 321
71 121
72 155
73 211
74 15
76 169
77 101
78 283
79 201
80 223
81 55
82 216
83 4
84 116
85 4
86 171
87 98
88 355
89 73
90 249
91 169
92 123
93 322
94 286
95 212
96 303
97 206
98 278
99 217
0 279
1 296
2 280
3 67
4 97
5 300
6 97
7 396
8 374
9 387
10 40
11 355
12 105
13 105
14 280
15 307
16 360
17 284
18 358
19 168
20 160
21 27
22 305
23 361
24 158
25 229
26 167
27 348
28 372
29 381
30 289
31 278
32 398
33 368
34 344
35 196
36 193
37 116
38 130
39 128
40 127
41 297
42 312
43 292
44 35
45 89
46 380
47 224
48 28
49 94
50 185
51 303
52 344
53 336
54 105
55 123
56 388
57 180
58 286
59 163
60 288
61 251
62 148
63 367
64 194
65 322
66 396
67 180
68 75
69 103
70 78
71 239
72 183
73 135
74 229
75 169
77 177
78 125
79 380
80 265
81 353
82 108
83 25
84 121
85 209
86 307
87 274
88 383
89 361
90 89
91 386
92 77
93 92
94 157
95 126
96 398
97 181
98 374
99 167
0 286
1 273
2 360
3 271
4 206
5 58
6 12
7 308
8 132
9 388
10 191
11 225
12 162
13 270
14 65
15 327
16 29
17 46
18 384
19 143
20 76
21 342
22 47
23 112
24 111
25 66
26 10
27 315
28 288
29 72
30 282
31 239
32 378
33 377
34 364
35 307
36 87
37 400
38 338
39 313
40 150
41 35
42 211
43 283
44 244
45 377
46 86
47 24
48 386
49 151
50 171
51 62
52 29
53 339
54 72
55 214
56 248
57 292
58 349
59 114
60 46
61 361
62 363
63 375
64 243
65 86
66 190
67 130
68 305
69 48
70 391
71 43
72 196
73 217
74 110
75 101
76 177
78 304
79 248
80 4
81 67
82 150
83 209
84 296
85 318
86 337
87 21
88 249
89 202
90 373
91 356
92 226
93 45
94 116
95 84
96 318
97 99
98 44
99 6
0 282
1 375
2 215
3 250
4 332
5 63
6 128
7 308
8 4
9 168
10 6
11 62
12 62
13 229
14 37
15 53
16 321
17 235
18 222
19 247
20 149
21 319
22 187
23 282
24 210
25 127
26 346
27 72
28 137
29 212
30 4
31 180
32 151
33 190
34 185
35 89
36 332
37 240
38 119
39 21
40 27
41 355
42 345
43 400
44 77
45 16
46 261
47 63
48 170
49 254
50 270
51 318
52 301
53 128
54 111
55 90
56 110
57 149
58 331
59 13
60 174
61 374
62 285
63 250
64 72
65 214
66 335
67 118
68 244
69 178
70 375
71 393
72 33
73 217
74 189
75 283
76 125
77 304
79 84
80 72
81 50
82 192
83 150
84 47
85 373
86 75
87 165
88 228
89 322
90 168
91 246
92 23
93 329
94 142
95 292
96 265
97 162
98 140
99 66
0 46
1 230
2 193
3 66
4 130
5 317
6 345
7 301
8 82
9 280
10 339
11 18
12 360
13 120
14 128
15 184
16 308
17 285
18 14
19 109
20 205
21 232
22 147
23 390
24 79
25 385
26 309
27 18
28 94
29 77
30 165
31 157
32 37
33 292
34 113
35 166
36 182
37 369
38 359
39 245
40 338
41 239
42 61
43 251
44 239
45 7
46 225
47 64
48 297
49 358
50 60
51 91
52 300
53 52
54 24
55 229
56 153
57 137
58 311
59 43
60 108
61 334
62 43
63 373
64 31
65 21
66 134
67 213
68 288
69 298
70 77
71 269
72 255
73 245
74 168
75 201
76 380
77 248
78 84
80 86
81 96
82 243
83 82
84 163
85 326
86 400
87 261
88 322
89 357
90 297
91 393
92 358
93 40
94 94
95 357
96 364
97 169
98 121
99 143
0 105
1 383
2 204
3 228
4 288
5 277
6 264
7 173
8 302
9 350
10 381
11 38
12 43
13 251
14 31
15 191
16 21
17 192
18 256
19 32
20 282
21 113
22 395
23 299
24 384
25 336
26 154
27 82
28 355
29 21
30 125
31 149
32 105
33 262
34 362
35 64
36 246
37 393
38 184
39 127
40 101
41 309
42 2
43 165
44 385
45 282
46 394
47 343
48 6
49 365
50 4
51 58
52 178
53 12
54 371
55 166
56 284
57 336
58 294
59 280
60 71
61 184
62 156
63 365
64 114
65 136
66 82
67 224
68 128
69 287
70 121
71 386
72 386
73 324
74 383
75 223
76 265
77 4
78 72
79 86
81 90
82 241
83 389
84 65
85 169
86 130
87 356
88 33
89 243
90 96
91 51
92 280
93 191
94 245
95 361
96 305
97 171
98 312
99 118
0 287
1 168
2 50
3 219
4 192
5 83
6 222
7 320
8 226
9 303
10 284
11 83
12 179
13 340
14 191
15 160
16 138
17 241
18 120
19 82
20 372
21 7
22 228
23 90
24 324
25 63
26 267
27 189
28 378
29 289
30 198
31 51
32 328
33 337
34 118
35 19
36 102
37 25
38 91
39 328
40 312
41 325
42 251
43 258
44 322
45 292
46 383
47 66
48 384
49 61
50 14
51 393
52 165
53 136
54 224
55 128
56 114
57 181
58 139
59 79
60 200
61 313
62 380
63 90
64 393
65 186
66 95
67 91
68 286
69 258
70 224
71 367
72 27
73 399
74 399
75 55
76 353
77 67
78 50
79 96
80 90
82 92
83 269
84 366
85 36
86 226
87 5
88 130
89 134
90 369
91 298
92 255
93 111
94 339
95 47
96 51
97 3
98 215
99 180
0 325
1 307
2 213
3 290
4 16
5 387
6 126
7 309
8 42
9 105
10 83
11 43
12 377
13 95
14 297
15 383
16 183
17 184
18 206
19 334
20 211
21 109
22 397
23 312
24 148
25 318
26 300
27 52
28 31
29 396
30 102
31 8
32 325
33 20
34 214
35 73
36 160
37 333
38 165
39 50
40 298
41 206
42 245
43 122
44 118
45 315
46 127
47 175
48 327
49 17
50 169
51 67
52 383
53 302
54 306
55 249
56 109
57 79
58 72
59 144
60 108
61 29
62 163
63 208
64 147
65 340
66 374
67 280
68 167
69 135
70 363
71 345
72 247
73 40
74 303
75 216
76 108
77 150
78 192
79 243
80 241
81 92
83 359
84 199
85 374
86 54
87 201
88 253
89 196
90 46
91 214
92 52
93 216
94 125
95 169
96 259
97 345
98 134
99 246
0 225
1 279
2 272
3 28
4 262
5 355
6 118
7 215
8 188
9 302
10 278
11 364
12 52
13 276
14 303
15 297
16 79
17 265
18 75
19 66
20 4
21 126
22 332
23 250
24 372
25 218
26 135
27 241
28 119
29 138
30 1
31 228
32 223
33 371
34 362
35 39
36 256
37 193
38 363
39 31
40 83
41 73
42 147
43 257
44 321
45 122
46 65
47 314
48 59
49 197
50 298
51 177
52 157
53 340
54 75
55 254
56 231
57 73
58 274
59 220
60 191
61 232
62 271
63 238
64 51
65 209
66 116
67 245
68 372
69 53
70 378
71 106
72 254
73 356
74 199
75 4
76 25
77 209
78 150
79 82
80 389
81 269
82 359
84 123
85 139
86 327
87 256
88 59
89 176
90 62
91 121
92 115
93 108
94 172
95 117
96 322
97 303
98 27
99 73
0 155
1 273
2 132
3 16
4 353
5 269
6 322
7 285
8 42
9 192
10 84
11 170
12 177
13 328
14 39
15 292
16 334
17 180
18 40
19 360
20 57
21 86
22 95
23 45
24 113
25 23
26 140
27 129
28 68
29 201
30 273
31 192
32 136
33 304
34 337
35 203
36 336
37 49
38 255
39 399
40 76
41 299
42 395
43 61
44 50
45 154
46 27
47 381
48 228
49 232
50 212
51 4
52 362
53 93
54 111
55 145
56 109
57 128
58 77
59 313
60 17
61 68
62 7
63 271
64 373
65 289
66 69
67 19
68 305
69 229
70 358
71 190
72 12
73 205
74 215
75 116
76 121
77 296
78 47
79 163
80 65
81 366
82 199
83 123
85 277
86 32
87 273
88 81
89 179
90 270
91 246
92 231
93 85
94 371
95 399
96 295
97 267
98 133
99 93
0 227
1 360
2 61
3 291
4 396
5 131
6 370
7 295
8 70
9 302
10 22
11 314
12 221
13 396
14 114
15 334
16 81
17 258
18 369
19 330
20 107
21 207
22 128
23 70
24 163
25 55
26 277
27 280
28 329
29 186
30 208
31 137
32 206
33 333
34 267
35 112
36 19
37 315
38 19
39 265
40 355
41 37
42 289
43 5
44 348
45 66
46 118
47 270
48 316
49 302
50 393
51 173
52 396
53 10
54 308
55 318
56 229
57 171
58 308
59 329
60 291
61 344
62 39
63 370
64 320
65 35
66 377
67 376
68 95
69 39
70 368
71 260
72 165
73 25
74 99
75 4
76 209
77 318
78 373
79 326
80 169
81 36
82 374
83 139
84 277
86 389
87 223
88 19
89 245
90 281
91 195
92 306
93 1
94 309
95 14
96 124
97 377
98 287
99 27
0 132
1 368
2 314
3 333
4 20
5 280
6 157
7 354
8 379
9 79
10 289
11 288
12 84
13 258
14 309
15 163
16 110
17 359
18 173
19 50
20 76
21 351
22 157
23 387
24 321
25 354
26 96
27 278
28 385
29 221
30 385
31 388
32 254
33 50
34 303
35 329
36 35
37 379
38 55
39 141
40 94
41 133
42 216
43 302
44 107
45 390
46 113
47 264
48 240
49 382
50 195
51 56
52 109
53 386
54 297
55 379
56 11
57 343
58 181
59 156
60 132
61 242
62 289
63 117
64 74
65 375
66 97
67 352
68 324
69 147
70 158
71 35
72 151
73 334
74 74
75 171
76 307
77 337
78 75
79 400
80 130
81 226
82 54
83 327
84 32
85 389
87 356
88 311
89 255
90 387
91 184
92 335
93 166
94 5
95 181
96 396
97 90
98 103
99 346
0 190
1 247
2 3
3 337
4 294
5 324
6 353
7 359
8 145
9 276
10 59
11 7
12 393
13 185
14 101
15 38
16 388
17 10
18 335
19 308
20 141
21 127
22 327
23 316
24 227
25 144
26 354
27 197
28 174
29 192
30 182
31 299
32 273
33 335
34 182
35 266
36 140
37 261
38 397
39 88
40 286
41 356
42 248
43 65
44 391
45 254
46 86
47 29
48 247
49 227
50 298
51 231
52 132
53 279
54 70
55 31
56 319
57 266
58 390
59 221
60 272
61 144
62 284
63 386
64 152
65 3
66 108
67 302
68 206
69 104
70 397
71 147
72 69
73 51
74 165
75 98
76 274
77 21
78 165
79 261
80 356
81 5
82 201
83 256
84 273
85 223
86 356
88 336
89 369
90 78
91 28
92 310
93 300
94 47
95 154
96 132
97 193
98 11
99 85
0 180
1 34
2 49
3 341
4 104
5 356
6 137
7 259
8 21
9 142
10 250
11 308
12 240
13 352
14 325
15 116
16 56
17 88
18 33
19 153
20 50
21 330
22 321
23 184
24 333
25 247
26 295
27 35
28 354
29 247
30 373
31 88
32 174
33 1
34 316
35 372
36 167
37 63
38 133
39 87
40 228
41 342
42 357
43 132
44 35
45 153
46 67
47 226
48 328
49 167
50 288
51 192
52 119
53 119
54 90
55 80
56 372
57 130
58 280
59 25
60 340
61 120
62 321
63 29
64 143
65 30
66 332
67 139
68 233
69 197
70 66
71 179
72 354
73 231
74 90
75 355
76 383
77 249
78 228
79 322
80 33
81 130
82 253
83 59
84 81
85 19
86 311
87 336
89 101
90 376
91 208
92 29
93 215
94 186
95 384
96 125
97 40
98 323
99 260
0 244
1 169
2 261
3 329
4 104
5 349
6 282
7 278
8 81
9 364
10 316
11 245
12 245
13 123
14 291
15 221
16 297
17 348
18 194
19 341
20 151
21 384
22 324
23 304
24 379
25 77
26 5
27 308
28 235
29 61
30 218
31 80
32 233
33 342
34 280
35 291
36 399
37 164
38 210
39 247
40 246
41 100
42 87
43 141
44 367
45 132
46 395
47 39
48 84
49 200
50 138
51 138
52 69
53 383
54 320
55 150
56 145
57 74
58 215
59 75
60 96
61 116
62 182
63 222
64 166
65 88
66 211
67 277
68 152
69 379
70 214
71 144
72 10
73 298
74 29
75 73
76 361
77 202
78 322
79 357
80 243
81 134
82 196
83 176
84 179
85 245
86 255
87 369
88 101
90 327
91 88
92 265
93 59
94 35
95 306
96 113
97 380
98 193
99 81
0 280
1 103
2 43
3 387
4 42
5 82
6 300
7 327
8 299
9 251
10 240
11 365
12 293
13 316
14 23
15 387
16 42
17 40
18 87
19 165
20 343
21 144
22 307
23 365
24 91
25 109
26 189
27 256
28 271
29 34
30 319
31 41
32 370
33 27
34 221
35 138
36 111
37 87
38 303
39 261
40 87
41 106
42 138
43 64
44 92
45 23
46 36
47 22
48 377
49 39
50 87
51 290
52 314
53 133
54 268
55 123
56 358
57 394
58 115
59 1
60 49
61 27
62 162
63 24
64 163
65 356
66 326
67 193
68 351
69 256
70 145
71 95
72 55
73 167
74 369
75 249
76 89
77 373
78 168
79 297
80 96
81 369
82 46
83 62
84 270
85 281
86 387
87 78
88 376
89 327
91 10
92 221
93 342
94 261
95 219
96 95
97 393
98 11
99 58
0 152
1 245
2 176
3 143
4 281
5 247
6 120
7 356
8 270
9 396
10 242
11 361
12 346
13 141
14 4
15 27
16 219
17 46
18 236
19 375
20 135
21 143
22 157
23 142
24 116
25 147
26 104
27 216
28 169
29 331
30 327
31 313
32 160
33 396
34 121
35 215
36 340
37 151
38 285
39 118
40 188
41 85
42 109
43 99
44 135
45 160
46 330
47 116
48 234
49 329
50 388
51 30
52 97
53 307
54 119
55 214
56 93
57 209
58 102
59 169
60 203
61 277
62 280
63 179
64 396
65 163
66 292
67 135
68 367
69 99
70 397
71 244
72 52
73 381
74 66
75 169
76 386
77 356
78 246
79 393
80 51
81 298
82 214
83 121
84 246
85 195
86 184
87 28
88 208
89 88
90 10
92 77
93 63
94 385
95 236
96 43
97 199
98 22
99 27
0 53
1 266
2 387
3 379
4 338
5 222
6 361
7 108
8 278
9 37
10 100
11 294
12 279
13 93
14 274
15 21
16 174
17 367
18 330
19 105
20 75
21 300
22 61
23 30
24 372
25 307
26 12
27 145
28 237
29 217
30 81
31 281
32 205
33 133
34 209
35 25
36 169
37 117
38 19
39 256
40 244
41 294
42 314
43 99
44 182
45 371
46 398
47 340
48 297
49 376
50 38
51 41
52 91
53 323
54 155
55 37
56 33
57 162
58 340
59 218
60 363
61 18
62 115
63 272
64 162
65 218
66 397
67 289
68 41
69 297
70 21
71 309
72 140
73 366
74 315
75 123
76 77
77 226
78 23
79 358
80 280
81 255
82 52
83 115
84 231
85 306
86 335
87 310
88 29
89 265
90 221
91 77
93 324
94 61
95 349
96 135
97 339
98 388
99 399
0 96
1 28
2 4
3 389
4 60
5 86
6 295
7 246
8 59
9 321
10 189
11 295
12 235
13 52
14 153
15 81
16 344
17 100
18 289
19 185
20 371
21 238
22 24
23 351
24 79
25 201
26 88
27 251
28 224
29 156
30 14
31 88
32 215
33 195
34 33
35 254
36 137
37 49
38 276
39 270
40 196
41 101
42 369
43 262
44 94
45 187
46 140
47 32
48 186
49 139
50 240
51 360
52 13
53 368
54 1
55 4
56 343
57 381
58 234
59 184
60 58
61 278
62 108
63 93
64 353
65 9
66 61
67 70
68 372
69 296
70 243
71 239
72 199
73 72
74 371
75 322
76 92
77 45
78 329
79 40
80 191
81 111
82 216
83 108
84 85
85 1
86 166
87 300
88 215
89 59
90 342
91 63
92 324
94 349
95 22
96 256
97 61
98 353
99 49
0 271
1 126
2 201
3 272
4 97
5 122
6 346
7 128
8 28
9 86
10 202
11 244
12 399
13 201
14 66
15 131
16 110
17 209
18 359
19 267
20 345
21 248
22 1
23 390
24 226
25 287
26 176
27 58
28 15
29 282
30 174
31 349
32 62
33 157
34 173
35 7
36 207
37 397
38 85
39 119
40 216
41 361
42 361
43 326
44 299
45 177
46 162
47 32
48 53
49 369
50 101
51 223
52 165
53 348
54 87
55 356
56 137
57 386
58 234
59 390
60 125
61 331
62 154
63 12
64 182
65 234
66 277
67 312
68 278
69 70
70 293
71 240
72 99
73 342
74 296
75 286
76 157
77 116
78 142
79 94
80 245
81 339
82 125
83 172
84 371
85 309
86 5
87 47
88 186
89 35
90 261
91 385
92 61
93 349
95 94
96 362
97 269
98 35
99 223
0 367
1 144
2 364
3 160
4 15
5 234
6 181
7 188
8 109
9 175
10 340
11 225
12 30
13 7
14 345
15 175
16 26
17 303
18 397
19 298
20 329
21 333
22 398
23 101
24 13
25 1
26 195
27 151
28 127
29 108
30 334
31 8
32 375
33 352
34 293
35 96
36 5
37 26
38 224
39 44
40 49
41 227
42 197
43 144
44 129
45 104
46 342
47 310
48 90
49 209
50 306
51 357
52 122
53 114
54 69
55 396
56 396
57 237
58 385
59 303
60 225
61 342
62 87
63 253
64 179
65 136
66 226
67 257
68 297
69 126
70 268
71 329
72 383
73 373
74 212
75 212
76 126
77 84
78 292
79 357
80 361
81 47
82 169
83 117
84 399
85 14
86 181
87 154
88 384
89 306
90 219
91 236
92 349
93 22
94 94
96 39
97 82
98 167
99 1
0 115
1 275
2 128
3 19
4 288
5 216
6 58
7 151
8 353
9 143
10 344
11 341
12 183
13 340
14 42
15 117
16 257
17 125
18 271
19 92
20 110
21 28
22 343
23 116
24 73
25 35
26 279
27 64
28 319
29 298
30 36
31 19
32 347
33 222
34 301
35 114
36 46
37 8
38 227
39 363
40 126
41 291
42 236
43 197
44 189
45 290
46 2
47 202
48 312
49 19
50 189
51 198
52 8
53 331
54 137
55 44
56 93
57 356
58 357
59 98
60 323
61 327
62 199
63 396
64 102
65 34
66 368
67 309
68 280
69 144
70 312
71 33
72 107
73 123
74 137
75 303
76 398
77 318
78 265
79 364
80 305
81 51
82 259
83 322
84 295
85 124
86 396
87 132
88 125
89 113
90 95
91 43
92 135
93 256
94 362
95 39
97 139
98 243
99 15
0 281
1 153
2 176
3 47
4 25
5 121
6 135
7 336
8 281
9 87
10 400
11 56
12 359
13 330
14 280
15 352
16 69
17 240
18 213
19 270
20 296
21 9
22 116
23 123
24 252
25 380
26 176
27 80
28 158
29 228
30 324
31 42
32 125
33 296
34 386
35 333
36 239
37 81
38 292
39 344
40 363
41 337
42 105
43 309
44 78
45 161
46 146
47 385
48 135
49 276
50 397
51 313
52 299
53 105
54 17
55 169
56 271
57 362
58 145
59 364
60 332
61 359
62 51
63 239
64 120
65 230
66 288
67 252
68 81
69 349
70 371
71 85
72 289
73 81
74 228
75 206
76 181
77 99
78 162
79 169
80 171
81 3
82 345
83 303
84 267
85 377
86 90
87 193
88 40
89 380
90 393
91 199
92 339
93 61
94 269
95 82
96 139
98 123
99 78
0 283
1 62
2 173
3 389
4 140
5 155
6 248
7 204
8 78
9 87
10 17
11 275
12 240
13 209
14 68
15 174
16 17
17 95
18 353
19 138
20 73
21 37
22 148
23 394
24 351
25 390
26 328
27 385
28 253
29 190
30 157
31 197
32 168
33 203
34 97
35 213
36 5
37 291
38 61
39 58
40 297
41 375
42 181
43 101
44 125
45 328
46 370
47 298
48 312
49 234
50 76
51 84
52 329
53 287
54 70
55 228
56 138
57 21
58 320
59 226
60 158
61 334
62 70
63 187
64 318
65 356
66 341
67 181
68 29
69 207
70 363
71 196
72 175
73 171
74 129
75 278
76 374
77 44
78 140
79 121
80 312
81 215
82 134
83 27
84 133
85 287
86 103
87 11
88 323
89 193
90 11
91 22
92 388
93 353
94 35
95 167
96 243
97 123
99 57
0 384
1 72
2 222
3 73
4 267
5 230
6 170
7 339
8 315
9 69
10 383
11 352
12 384
13 210
14 230
15 21
16 400
17 316
18 43
19 314
20 290
21 274
22 236
23 9
24 161
25 90
26 394
27 393
28 72
29 78
30 354
31 365
32 77
33 57
34 182
35 165
36 67
37 34
38 115
39 299
40 370
41 177
42 63
43 100
44 383
45 174
46 334
47 318
48 215
49 193
50 24
51 380
52 6
53 3
54 174
55 211
56 8
57 35
58 228
59 264
60 303
61 347
62 233
63 18
64 74
65 11
66 373
67 288
68 167
69 172
70 260
71 344
72 388
73 221
74 208
75 217
76 167
77 6
78 66
79 143
80 118
81 180
82 246
83 73
84 93
85 27
86 346
87 85
88 260
89 81
90 58
91 27
92 399
93 49
94 223
95 1
96 15
97 78
98 57
