50
0 49
49 49
98 49
147 49
196 49
245 49
294 49
343 49
392 49
441 49
490 49
539 49
588 49
637 49
686 49
735 49
784 49
833 49
882 49
931 49
980 49
1029 49
1078 49
1127 49
1176 49
1225 49
1274 49
1323 49
1372 49
1421 49
1470 49
1519 49
1568 49
1617 49
1666 49
1715 49
1764 49
1813 49
1862 49
1911 49
1960 49
2009 49
2058 49
2107 49
2156 49
2205 49
2254 49
2303 49
2352 49
2401 49
0
2450
1 377
2 41
3 323
4 372
5 138
6 305
7 135
8 176
9 148
10 216
11 37
12 250
13 213
14 304
15 415
16 282
17 160
18 257
19 270
20 122
21 362
22 437
23 30
24 294
25 479
26 65
27 141
28 384
29 8
30 7
31 471
32 384
33 399
34 145
35 108
36 389
37 302
38 242
39 416
40 449
41 458
42 452
43 198
44 22
45 107
46 464
47 303
48 266
49 221
0 377
2 425
3 388
4 434
5 361
6 269
7 227
8 339
9 333
10 368
11 222
12 340
13 374
14 45
15 76
16 124
17 41
18 183
19 12
20 342
21 276
22 427
23 291
24 233
25 231
26 340
27 106
28 337
29 304
30 409
31 103
32 376
33 185
34 342
35 309
36 45
37 110
38 388
39 235
40 295
41 255
42 308
43 134
44 480
45 204
46 61
47 103
48 245
49 243
0 41
1 425
3 467
4 438
5 371
6 245
7 228
8 103
9 327
10 420
11 61
12 164
13 75
14 321
15 118
16 302
17 5
18 311
19 110
20 401
21 272
22 497
23 135
24 66
25 103
26 294
27 52
28 82
29 350
30 112
31 37
32 446
33 207
34 355
35 383
36 77
37 451
38 463
39 31
40 278
41 382
42 91
43 441
44 456
45 411
46 410
47 257
48 415
49 220
0 323
1 388
2 467
4 218
5 315
6 491
7 67
8 301
9 409
10 21
11 447
12 460
13 455
14 296
15 71
16 491
17 241
18 129
19 197
20 123
21 205
22 147
23 437
24 236
25 424
26 318
27 326
28 216
29 125
30 89
31 477
32 233
33 355
34 196
35 451
36 22
37 39
38 369
39 322
40 299
41 389
42 120
43 258
44 343
45 415
46 180
47 185
48 155
49 309
0 372
1 434
2 438
3 218
5 233
6 130
7 13
8 380
9 66
10 100
11 155
12 236
13 278
14 371
15 360
16 366
17 347
18 445
19 220
20 395
21 395
22 241
23 285
24 115
25 415
26 83
27 355
28 34
29 192
30 198
31 301
32 371
33 234
34 307
35 179
36 467
37 436
38 44
39 198
40 354
41 143
42 352
43 441
44 272
45 74
46 300
47 489
48 273
49 96
0 138
1 361
2 371
3 315
4 233
6 209
7 19
8 342
9 301
10 303
11 456
12 67
13 237
14 311
15 453
16 428
17 360
18 253
19 298
20 445
21 411
22 329
23 411
24 199
25 224
26 460
27 52
28 218
29 312
30 492
31 490
32 237
33 143
34 478
35 9
36 239
37 38
38 379
39 432
40 191
41 181
42 388
43 109
44 417
45 50
46 61
47 196
48 409
49 165
0 305
1 269
2 245
3 491
4 130
5 209
7 346
8 353
9 76
10 174
11 116
12 274
13 397
14 75
15 177
16 466
17 238
18 20
19 455
20 327
21 162
22 285
23 187
24 252
25 322
26 66
27 184
28 12
29 98
30 423
31 121
32 367
33 472
34 33
35 62
36 232
37 198
38 407
39 436
40 125
41 432
42 51
43 398
44 180
45 478
46 74
47 146
48 67
49 93
0 135
1 227
2 228
3 67
4 13
5 19
6 346
8 100
9 393
10 106
11 384
12 432
13 210
14 58
15 497
16 245
17 421
18 94
19 167
20 393
21 460
22 490
23 426
24 22
25 221
26 475
27 280
28 156
29 99
30 212
31 59
32 348
33 391
34 36
35 421
36 388
37 454
38 13
39 340
40 199
41 470
42 75
43 130
44 179
45 132
46 126
47 423
48 405
49 219
0 176
1 339
2 103
3 301
4 380
5 342
6 353
7 100
9 441
10 297
11 31
12 430
13 74
14 404
15 150
16 400
17 183
18 158
19 498
20 246
21 216
22 345
23 137
24 103
25 117
26 376
27 56
28 481
29 215
30 254
31 451
32 290
33 235
34 481
35 421
36 360
37 256
38 177
39 431
40 196
41 474
42 461
43 126
44 47
45 216
46 127
47 447
48 398
49 136
0 148
1 333
2 327
3 409
4 66
5 301
6 76
7 393
8 441
10 296
11 144
12 203
13 493
14 132
15 305
16 461
17 7
18 213
19 442
20 222
21 318
22 244
23 363
24 53
25 224
26 135
27 264
28 479
29 312
30 46
31 27
32 285
33 358
34 4
35 183
36 73
37 130
38 481
39 471
40 118
41 129
42 466
43 320
44 473
45 449
46 477
47 433
48 307
49 41
0 216
1 368
2 420
3 21
4 100
5 303
6 174
7 106
8 297
9 296
11 374
12 380
13 210
14 117
15 242
16 114
17 193
18 377
19 378
20 23
21 40
22 423
23 49
24 324
25 281
26 52
27 358
28 205
29 34
30 191
31 27
32 3
33 319
34 492
35 322
36 291
37 292
38 150
39 223
40 99
41 190
42 449
43 478
44 252
45 417
46 72
47 365
48 461
49 448
0 37
1 222
2 61
3 447
4 155
5 456
6 116
7 384
8 31
9 144
10 374
12 94
13 484
14 487
15 369
16 32
17 162
18 1
19 436
20 371
21 205
22 321
23 61
24 232
25 323
26 231
27 75
28 144
29 21
30 367
31 146
32 96
33 317
34 187
35 44
36 146
37 438
38 312
39 217
40 155
41 273
42 16
43 248
44 256
45 2
46 468
47 139
48 15
49 468
0 250
1 340
2 164
3 460
4 236
5 67
6 274
7 432
8 430
9 203
10 380
11 94
13 426
14 386
15 25
16 246
17 298
18 108
19 68
20 29
21 182
22 64
23 401
24 400
25 209
26 496
27 68
28 395
29 391
30 214
31 333
32 203
33 430
34 339
35 475
36 446
37 86
38 82
39 299
40 406
41 72
42 314
43 373
44 498
45 51
46 249
47 243
48 200
49 356
0 213
1 374
2 75
3 455
4 278
5 237
6 397
7 210
8 74
9 493
10 210
11 484
12 426
14 311
15 228
16 38
17 374
18 129
19 289
20 82
21 124
22 357
23 328
24 367
25 70
26 12
27 69
28 499
29 350
30 395
31 296
32 288
33 328
34 95
35 193
36 399
37 408
38 417
39 396
40 310
41 166
42 139
43 9
44 373
45 301
46 89
47 410
48 174
49 217
0 304
1 45
2 321
3 296
4 371
5 311
6 75
7 58
8 404
9 132
10 117
11 487
12 386
13 311
15 51
16 107
17 192
18 407
19 286
20 58
21 328
22 298
23 478
24 178
25 499
26 224
27 474
28 138
29 51
30 68
31 330
32 450
33 327
34 99
35 197
36 136
37 116
38 335
39 496
40 488
41 135
42 84
43 250
44 160
45 152
46 300
47 118
48 344
49 58
0 415
1 76
2 118
3 71
4 360
5 453
6 177
7 497
8 150
9 305
10 242
11 369
12 25
13 228
14 51
16 256
17 253
18 237
19 53
20 83
21 414
22 403
23 306
24 387
25 41
26 209
27 454
28 222
29 158
30 280
31 320
32 354
33 267
34 287
35 41
36 115
37 127
38 27
39 198
40 376
41 39
42 202
43 27
44 8
45 45
46 436
47 263
48 149
49 172
0 282
1 124
2 302
3 491
4 366
5 428
6 466
7 245
8 400
9 461
10 114
11 32
12 246
13 38
14 107
15 256
17 167
18 231
19 85
20 70
21 389
22 324
23 110
24 97
25 277
26 183
27 254
28 409
29 355
30 459
31 27
32 141
33 351
34 141
35 267
36 378
37 191
38 494
39 268
40 392
41 372
42 275
43 288
44 159
45 38
46 436
47 330
48 204
49 19
0 160
1 41
2 5
3 241
4 347
5 360
6 238
7 421
8 183
9 7
10 193
11 162
12 298
13 374
14 192
15 253
16 167
18 267
19 125
20 407
21 90
22 86
23 3
24 218
25 269
26 108
27 126
28 123
29 66
30 153
31 263
32 417
33 145
34 382
35 146
36 335
37 227
38 265
39 226
40 99
41 39
42 365
43 109
44 428
45 301
46 439
47 484
48 171
49 57
0 257
1 183
2 311
3 129
4 445
5 253
6 20
7 94
8 158
9 213
10 377
11 1
12 108
13 129
14 407
15 237
16 231
17 267
19 108
20 77
21 498
22 194
23 79
24 215
25 462
26 186
27 193
28 436
29 103
30 197
31 50
32 371
33 341
34 431
35 368
36 28
37 10
38 132
39 105
40 460
41 23
42 470
43 68
44 450
45 122
46 358
47 433
48 292
49 414
0 270
1 12
2 110
3 197
4 220
5 298
6 455
7 167
8 498
9 442
10 378
11 436
12 68
13 289
14 286
15 53
16 85
17 125
18 108
20 41
21 368
22 263
23 86
24 298
25 478
26 399
27 335
28 22
29 334
30 437
31 218
32 383
33 160
34 410
35 166
36 27
37 437
38 175
39 11
40 394
41 134
42 33
43 363
44 53
45 482
46 484
47 411
48 267
49 275
0 122
1 342
2 401
3 123
4 395
5 445
6 327
7 393
8 246
9 222
10 23
11 371
12 29
13 82
14 58
15 83
16 70
17 407
18 77
19 41
21 176
22 159
23 494
24 439
25 244
26 291
27 268
28 494
29 477
30 289
31 327
32 265
33 358
34 209
35 424
36 119
37 226
38 303
39 408
40 400
41 165
42 301
43 385
44 197
45 163
46 290
47 30
48 498
49 200
0 362
1 276
2 272
3 205
4 395
5 411
6 162
7 460
8 216
9 318
10 40
11 205
12 182
13 124
14 328
15 414
16 389
17 90
18 498
19 368
20 176
22 296
23 272
24 375
25 306
26 117
27 165
28 401
29 259
30 432
31 394
32 235
33 72
34 220
35 499
36 429
37 281
38 423
39 400
40 6
41 77
42 307
43 258
44 241
45 107
46 494
47 437
48 121
49 283
0 437
1 427
2 497
3 147
4 241
5 329
6 285
7 490
8 345
9 244
10 423
11 321
12 64
13 357
14 298
15 403
16 324
17 86
18 194
19 263
20 159
21 296
23 318
24 118
25 334
26 466
27 241
28 61
29 271
30 357
31 225
32 172
33 115
34 157
35 65
36 349
37 80
38 137
39 347
40 361
41 269
42 121
43 260
44 274
45 197
46 66
47 383
48 437
49 24
0 30
1 291
2 135
3 437
4 285
5 411
6 187
7 426
8 137
9 363
10 49
11 61
12 401
13 328
14 478
15 306
16 110
17 3
18 79
19 86
20 494
21 272
22 318
24 229
25 225
26 496
27 11
28 395
29 113
30 345
31 360
32 205
33 405
34 130
35 61
36 481
37 153
38 27
39 137
40 70
41 375
42 69
43 206
44 73
45 429
46 474
47 46
48 188
49 99
0 294
1 233
2 66
3 236
4 115
5 199
6 252
7 22
8 103
9 53
10 324
11 232
12 400
13 367
14 178
15 387
16 97
17 218
18 215
19 298
20 439
21 375
22 118
23 229
25 242
26 105
27 334
28 31
29 480
30 62
31 107
32 475
33 72
34 1
35 439
36 268
37 212
38 143
39 24
40 194
41 203
42 5
43 346
44 229
45 493
46 415
47 455
48 61
49 472
0 479
1 231
2 103
3 424
4 415
5 224
6 322
7 221
8 117
9 224
10 281
11 323
12 209
13 70
14 499
15 41
16 277
17 269
18 462
19 478
20 244
21 306
22 334
23 225
24 242
26 379
27 489
28 297
29 424
30 176
31 248
32 18
33 132
34 433
35 400
36 111
37 494
38 6
39 85
40 417
41 359
42 375
43 185
44 70
45 17
46 60
47 263
48 71
49 64
0 65
1 340
2 294
3 318
4 83
5 460
6 66
7 475
8 376
9 135
10 52
11 231
12 496
13 12
14 224
15 209
16 183
17 108
18 186
19 399
20 291
21 117
22 466
23 496
24 105
25 379
27 461
28 299
29 57
30 227
31 105
32 117
33 199
34 484
35 458
36 347
37 259
38 485
39 446
40 276
41 117
42 378
43 175
44 79
45 371
46 33
47 16
48 140
49 391
0 141
1 106
2 52
3 326
4 355
5 52
6 184
7 280
8 56
9 264
10 358
11 75
12 68
13 69
14 474
15 454
16 254
17 126
18 193
19 335
20 268
21 165
22 241
23 11
24 334
25 489
26 461
28 390
29 324
30 312
31 407
32 235
33 75
34 477
35 299
36 387
37 128
38 355
39 113
40 84
41 323
42 163
43 67
44 280
45 10
46 178
47 117
48 307
49 453
0 384
1 337
2 82
3 216
4 34
5 218
6 12
7 156
8 481
9 479
10 205
11 144
12 395
13 499
14 138
15 222
16 409
17 123
18 436
19 22
20 494
21 401
22 61
23 395
24 31
25 297
26 299
27 390
29 233
30 185
31 480
32 311
33 407
34 364
35 326
36 46
37 254
38 216
39 221
40 417
41 474
42 456
43 343
44 450
45 106
46 229
47 429
48 460
49 342
0 8
1 304
2 350
3 125
4 192
5 312
6 98
7 99
8 215
9 312
10 34
11 21
12 391
13 350
14 51
15 158
16 355
17 66
18 103
19 334
20 477
21 259
22 271
23 113
24 480
25 424
26 57
27 324
28 233
30 13
31 134
32 4
33 431
34 266
35 365
36 108
37 382
38 24
39 413
40 466
41 60
42 392
43 276
44 466
45 107
46 454
47 364
48 212
49 21
0 7
1 409
2 112
3 89
4 198
5 492
6 423
7 212
8 254
9 46
10 191
11 367
12 214
13 395
14 68
15 280
16 459
17 153
18 197
19 437
20 289
21 432
22 357
23 345
24 62
25 176
26 227
27 312
28 185
29 13
31 436
32 128
33 346
34 391
35 471
36 295
37 348
38 51
39 224
40 159
41 392
42 236
43 293
44 248
45 18
46 410
47 464
48 126
49 291
0 471
1 103
2 37
3 477
4 301
5 490
6 121
7 59
8 451
9 27
10 27
11 146
12 333
13 296
14 330
15 320
16 27
17 263
18 50
19 218
20 327
21 394
22 225
23 360
24 107
25 248
26 105
27 407
28 480
29 134
30 436
32 487
33 38
34 256
35 398
36 281
37 383
38 364
39 387
40 188
41 79
42 98
43 60
44 14
45 77
46 405
47 257
48 47
49 52
0 384
1 376
2 446
3 233
4 371
5 237
6 367
7 348
8 290
9 285
10 3
11 96
12 203
13 288
14 450
15 354
16 141
17 417
18 371
19 383
20 265
21 235
22 172
23 205
24 475
25 18
26 117
27 235
28 311
29 4
30 128
31 487
33 104
34 98
35 275
36 263
37 341
38 362
39 407
40 440
41 379
42 316
43 256
44 356
45 106
46 94
47 393
48 213
49 492
0 399
1 185
2 207
3 355
4 234
5 143
6 472
7 391
8 235
9 358
10 319
11 317
12 430
13 328
14 327
15 267
16 351
17 145
18 341
19 160
20 358
21 72
22 115
23 405
24 72
25 132
26 199
27 75
28 407
29 431
30 346
31 38
32 104
34 25
35 447
36 355
37 263
38 135
39 285
40 212
41 194
42 298
43 289
44 451
45 54
46 335
47 2
48 10
49 284
0 145
1 342
2 355
3 196
4 307
5 478
6 33
7 36
8 481
9 4
10 492
11 187
12 339
13 95
14 99
15 287
16 141
17 382
18 431
19 410
20 209
21 220
22 157
23 130
24 1
25 433
26 484
27 477
28 364
29 266
30 391
31 256
32 98
33 25
35 128
36 272
37 477
38 489
39 178
40 268
41 219
42 493
43 23
44 427
45 450
46 117
47 171
48 14
49 108
0 108
1 309
2 383
3 451
4 179
5 9
6 62
7 421
8 421
9 183
10 322
11 44
12 475
13 193
14 197
15 41
16 267
17 146
18 368
19 166
20 424
21 499
22 65
23 61
24 439
25 400
26 458
27 299
28 326
29 365
30 471
31 398
32 275
33 447
34 128
36 196
37 460
38 314
39 310
40 446
41 98
42 22
43 492
44 247
45 310
46 442
47 153
48 496
49 443
0 389
1 45
2 77
3 22
4 467
5 239
6 232
7 388
8 360
9 73
10 291
11 146
12 446
13 399
14 136
15 115
16 378
17 335
18 28
19 27
20 119
21 429
22 349
23 481
24 268
25 111
26 347
27 387
28 46
29 108
30 295
31 281
32 263
33 355
34 272
35 196
37 162
38 132
39 70
40 285
41 108
42 410
43 462
44 375
45 480
46 306
47 250
48 406
49 107
0 302
1 110
2 451
3 39
4 436
5 38
6 198
7 454
8 256
9 130
10 292
11 438
12 86
13 408
14 116
15 127
16 191
17 227
18 10
19 437
20 226
21 281
22 80
23 153
24 212
25 494
26 259
27 128
28 254
29 382
30 348
31 383
32 341
33 263
34 477
35 460
36 162
38 366
39 77
40 120
41 325
42 124
43 431
44 490
45 433
46 377
47 439
48 454
49 368
0 242
1 388
2 463
3 369
4 44
5 379
6 407
7 13
8 177
9 481
10 150
11 312
12 82
13 417
14 335
15 27
16 494
17 265
18 132
19 175
20 303
21 423
22 137
23 27
24 143
25 6
26 485
27 355
28 216
29 24
30 51
31 364
32 362
33 135
34 489
35 314
36 132
37 366
39 185
40 115
41 161
42 337
43 111
44 103
45 350
46 242
47 172
48 134
49 201
0 416
1 235
2 31
3 322
4 198
5 432
6 436
7 340
8 431
9 471
10 223
11 217
12 299
13 396
14 496
15 198
16 268
17 226
18 105
19 11
20 408
21 400
22 347
23 137
24 24
25 85
26 446
27 113
28 221
29 413
30 224
31 387
32 407
33 285
34 178
35 310
36 70
37 77
38 185
40 433
41 447
42 427
43 412
44 104
45 176
46 170
47 210
48 393
49 246
0 449
1 295
2 278
3 299
4 354
5 191
6 125
7 199
8 196
9 118
10 99
11 155
12 406
13 310
14 488
15 376
16 392
17 99
18 460
19 394
20 400
21 6
22 361
23 70
24 194
25 417
26 276
27 84
28 417
29 466
30 159
31 188
32 440
33 212
34 268
35 446
36 285
37 120
38 115
39 433
41 181
42 217
43 221
44 112
45 58
46 5
47 340
48 496
49 459
0 458
1 255
2 382
3 389
4 143
5 181
6 432
7 470
8 474
9 129
10 190
11 273
12 72
13 166
14 135
15 39
16 372
17 39
18 23
19 134
20 165
21 77
22 269
23 375
24 203
25 359
26 117
27 323
28 474
29 60
30 392
31 79
32 379
33 194
34 219
35 98
36 108
37 325
38 161
39 447
40 181
42 59
43 33
44 425
45 219
46 369
47 35
48 321
49 71
0 452
1 308
2 91
3 120
4 352
5 388
6 51
7 75
8 461
9 466
10 449
11 16
12 314
13 139
14 84
15 202
16 275
17 365
18 470
19 33
20 301
21 307
22 121
23 69
24 5
25 375
26 378
27 163
28 456
29 392
30 236
31 98
32 316
33 298
34 493
35 22
36 410
37 124
38 337
39 427
40 217
41 59
43 276
44 344
45 204
46 476
47 276
48 3
49 403
0 198
1 134
2 441
3 258
4 441
5 109
6 398
7 130
8 126
9 320
10 478
11 248
12 373
13 9
14 250
15 27
16 288
17 109
18 68
19 363
20 385
21 258
22 260
23 206
24 346
25 185
26 175
27 67
28 343
29 276
30 293
31 60
32 256
33 289
34 23
35 492
36 462
37 431
38 111
39 412
40 221
41 33
42 276
44 39
45 106
46 430
47 208
48 168
49 323
0 22
1 480
2 456
3 343
4 272
5 417
6 180
7 179
8 47
9 473
10 252
11 256
12 498
13 373
14 160
15 8
16 159
17 428
18 450
19 53
20 197
21 241
22 274
23 73
24 229
25 70
26 79
27 280
28 450
29 466
30 248
31 14
32 356
33 451
34 427
35 247
36 375
37 490
38 103
39 104
40 112
41 425
42 344
43 39
45 305
46 348
47 391
48 25
49 311
0 107
1 204
2 411
3 415
4 74
5 50
6 478
7 132
8 216
9 449
10 417
11 2
12 51
13 301
14 152
15 45
16 38
17 301
18 122
19 482
20 163
21 107
22 197
23 429
24 493
25 17
26 371
27 10
28 106
29 107
30 18
31 77
32 106
33 54
34 450
35 310
36 480
37 433
38 350
39 176
40 58
41 219
42 204
43 106
44 305
46 449
47 30
48 2
49 444
0 464
1 61
2 410
3 180
4 300
5 61
6 74
7 126
8 127
9 477
10 72
11 468
12 249
13 89
14 300
15 436
16 436
17 439
18 358
19 484
20 290
21 494
22 66
23 474
24 415
25 60
26 33
27 178
28 229
29 454
30 410
31 405
32 94
33 335
34 117
35 442
36 306
37 377
38 242
39 170
40 5
41 369
42 476
43 430
44 348
45 449
47 340
48 60
49 476
0 303
1 103
2 257
3 185
4 489
5 196
6 146
7 423
8 447
9 433
10 365
11 139
12 243
13 410
14 118
15 263
16 330
17 484
18 433
19 411
20 30
21 437
22 383
23 46
24 455
25 263
26 16
27 117
28 429
29 364
30 464
31 257
32 393
33 2
34 171
35 153
36 250
37 439
38 172
39 210
40 340
41 35
42 276
43 208
44 391
45 30
46 340
48 264
49 130
0 266
1 245
2 415
3 155
4 273
5 409
6 67
7 405
8 398
9 307
10 461
11 15
12 200
13 174
14 344
15 149
16 204
17 171
18 292
19 267
20 498
21 121
22 437
23 188
24 61
25 71
26 140
27 307
28 460
29 212
30 126
31 47
32 213
33 10
34 14
35 496
36 406
37 454
38 134
39 393
40 496
41 321
42 3
43 168
44 25
45 2
46 60
47 264
49 197
0 221
1 243
2 220
3 309
4 96
5 165
6 93
7 219
8 136
9 41
10 448
11 468
12 356
13 217
14 58
15 172
16 19
17 57
18 414
19 275
20 200
21 283
22 24
23 99
24 472
25 64
26 391
27 453
28 342
29 21
30 291
31 52
32 492
33 284
34 108
35 443
36 107
37 368
38 201
39 246
40 459
41 71
42 403
43 323
44 311
45 444
46 476
47 130
48 197
