20
0 19
19 19
38 19
57 19
76 19
95 19
114 19
133 19
152 19
171 19
190 19
209 19
228 19
247 19
266 19
285 19
304 19
323 19
342 19
361 19
0
380
1 88
2 4
3 74
4 77
5 65
6 87
7 76
8 19
9 17
10 60
11 28
12 93
13 22
14 65
15 75
16 52
17 83
18 55
19 35
0 88
2 82
3 24
4 13
5 73
6 99
7 65
8 93
9 53
10 26
11 62
12 90
13 61
14 1
15 93
16 34
17 29
18 10
19 20
0 4
1 82
3 4
4 28
5 89
6 15
7 7
8 33
9 36
10 23
11 8
12 39
13 5
14 62
15 73
16 87
17 37
18 37
19 11
0 74
1 24
2 4
4 87
5 54
6 3
7 91
8 79
9 64
10 81
11 91
12 16
13 25
14 25
15 44
16 34
17 96
18 47
19 14
0 77
1 13
2 28
3 87
5 36
6 61
7 72
8 69
9 48
10 95
11 28
12 38
13 99
14 89
15 62
16 37
17 77
18 99
19 100
0 65
1 73
2 89
3 54
4 36
6 15
7 4
8 2
9 5
10 82
11 18
12 37
13 25
14 33
15 62
16 49
17 29
18 95
19 96
0 87
1 99
2 15
3 3
4 61
5 15
7 27
8 60
9 32
10 88
11 32
12 52
13 87
14 26
15 79
16 25
17 76
18 19
19 86
0 76
1 65
2 7
3 91
4 72
5 4
6 27
8 65
9 47
10 36
11 64
12 61
13 39
14 17
15 17
16 73
17 34
18 54
19 97
0 19
1 93
2 33
3 79
4 69
5 2
6 60
7 65
9 19
10 15
11 97
12 99
13 61
14 44
15 25
16 73
17 27
18 64
19 4
0 17
1 53
2 36
3 64
4 48
5 5
6 32
7 47
8 19
10 78
11 51
12 81
13 8
14 27
15 8
16 26
17 64
18 72
19 24
0 60
1 26
2 23
3 81
4 95
5 82
6 88
7 36
8 15
9 78
11 52
12 35
13 84
14 90
15 52
16 53
17 14
18 37
19 6
0 28
1 62
2 8
3 91
4 28
5 18
6 32
7 64
8 97
9 51
10 52
12 10
13 7
14 72
15 58
16 5
17 84
18 2
19 82
0 93
1 90
2 39
3 16
4 38
5 37
6 52
7 61
8 99
9 81
10 35
11 10
13 8
14 28
15 45
16 63
17 58
18 47
19 43
0 22
1 61
2 5
3 25
4 99
5 25
6 87
7 39
8 61
9 8
10 84
11 7
12 8
14 65
15 73
16 51
17 43
18 89
19 74
0 65
1 1
2 62
3 25
4 89
5 33
6 26
7 17
8 44
9 27
10 90
11 72
12 28
13 65
15 66
16 40
17 9
18 2
19 81
0 75
1 93
2 73
3 44
4 62
5 62
6 79
7 17
8 25
9 8
10 52
11 58
12 45
13 73
14 66
16 12
17 6
18 95
19 100
0 52
1 34
2 87
3 34
4 37
5 49
6 25
7 73
8 73
9 26
10 53
11 5
12 63
13 51
14 40
15 12
17 63
18 56
19 59
0 83
1 29
2 37
3 96
4 77
5 29
6 76
7 34
8 27
9 64
10 14
11 84
12 58
13 43
14 9
15 6
16 63
18 34
19 14
0 55
1 10
2 37
3 47
4 99
5 95
6 19
7 54
8 64
9 72
10 37
11 2
12 47
13 89
14 2
15 95
16 56
17 34
19 15
0 35
1 20
2 11
3 14
4 100
5 96
6 86
7 97
8 4
9 24
10 6
11 82
12 43
13 74
14 81
15 100
16 59
17 14
18 15
